    49.000     67.706     56.000      0.000
    51.000     53.000     65.600      0.000
    61.000     66.786     66.800      0.000
    57.000     53.000     50.000      0.000
    47.000     57.000     64.400      0.000
    65.000     55.000     59.600      0.000
    54.000     59.000     59.600      0.000
    61.000     74.000     66.800      0.000
    47.000     44.000     32.000      0.000
    38.000     37.000     41.600      0.000
    50.000     59.622     41.600      0.000
    55.000     67.000     53.600      0.000
    59.000     60.000     42.800      0.000
    49.000     57.000     51.200      0.000
    47.000     57.000     48.800      0.000
    46.000     68.000     58.400      0.000
    47.000     62.000     65.600      0.000
    41.000     64.646     64.400      0.000
    55.000     58.012     69.200      0.000
    45.000     53.000     50.000      0.000
    61.000     71.920     59.600      0.000
    41.000     55.000     50.000      0.000
    61.000     65.000     58.400      0.000
    34.000     43.000     57.200      0.000
    33.000     41.000     33.200      0.000
    43.000     57.000     57.200      0.000
    51.000     75.000     60.800      0.000
    40.000     41.959     69.200      0.000
    46.000     46.000     54.800      0.000
    46.000     46.000     53.600      0.000
    41.000     58.000     41.600      0.000
    59.000     74.000     65.600      0.000
    55.000     64.000     59.600      0.000
    52.000     71.000     69.200      0.000
    47.000     54.211     58.400      0.000
    64.000     61.000     59.600      0.000
    53.000     51.000     52.400      0.000
    48.000     80.370     54.800      0.000
    45.000     68.000     46.400      0.000
    38.000     47.000     62.000      0.000
    57.000     67.000     68.000      0.000
    67.000     75.000     54.800      0.000
    62.000     71.000     59.600      0.000
    44.000     60.000     60.800      0.000
    54.000     60.666     50.000      0.000
    51.000     62.000     62.000      0.000
    46.000     56.000     56.000      0.000
    48.000     44.000     47.600      0.000
    53.000     55.000     52.400      0.000
    61.000     66.000     62.000      0.000
    45.000     54.158     53.600      0.000
    49.000     71.000     65.600      0.000
    59.000     70.000     57.200      0.000
    27.000     40.000     32.000      0.000
    48.000     55.690     46.400      0.000
    53.000     57.000     42.800      0.000
    60.000     63.000     46.400      0.000
    47.000     62.000     64.400      0.000
    59.000     72.880     58.400      0.000
    58.000     68.000     57.200      0.000
    49.000     57.000     56.000      0.000
    53.000     58.058     57.200      0.000
    61.000     65.414     59.600      0.000
    51.000     48.000     47.600      0.000
    39.000     48.000     44.000      0.000
    44.000     49.000     58.400      0.000
    56.000     65.000     65.600      0.000
    53.000     68.000     57.200      0.000
    51.000     67.000     59.600      0.000
    60.000     63.000     66.800      0.000
    60.000     62.000     57.200      0.000
    68.000     62.000     45.200      0.000
    60.000     66.000     63.200      0.000
    53.000     65.000     68.000      0.000
    56.000     63.000     62.000      0.000
    29.000     52.000     59.600      0.000
    44.000     64.000     62.000      0.000
    45.000     59.000     59.600      0.000
    55.000     64.596     36.800      0.000
    49.000     58.000     54.800      0.000
    54.000     60.000     58.400      0.000
    50.000     48.781     51.200      0.000
    49.000     63.000     62.000      0.000
    62.000     51.000     50.000      0.000
    62.000     62.000     38.000      0.000
    48.000     56.000     53.600      0.000
    39.000     40.000     56.000      0.000
    55.000     58.000     54.800      0.000
    57.000     60.000     45.200      0.000
    52.000     63.502     58.400      0.000
    56.000     56.061     52.760      0.000
    54.000     53.000     54.800      0.000
    49.000     61.000     46.400      0.000
    46.000     57.000     53.600      0.000
    46.000     53.000     44.878      0.000
    55.000     62.000     58.400      0.000
    49.000     62.000     62.000      0.000
    52.000     51.000     62.000      0.000
    35.000     44.000     39.200      1.000
    57.000     71.853     39.200      0.000
    68.000     72.000     68.000      0.000
    42.000     55.000     46.400      0.000
    48.000     47.000     59.600      0.000
    49.000     72.512     69.200      0.000
    63.000     78.000     68.000      0.000
    49.000     56.000     65.600      0.000
    48.000     47.000     59.600      0.000
    51.000     51.000     30.800      0.000
    55.000     66.000     53.600      0.000
    62.000     74.000     66.800      0.000
    60.000     67.000     66.800      0.000
    50.000     55.000     63.200      0.000
    61.000     63.000     53.600      0.000
    52.000     64.000     66.800      0.000
    45.000     49.000     63.200      0.000
    56.000     60.000     66.800      0.000
    46.000     47.604     38.000      0.000
    39.000     52.000     35.600      0.000
    63.000     66.000     69.200      0.000
    43.000     53.850     53.600      0.000
    34.000     38.000     56.000      0.000
    32.000     42.766     32.000      0.000
    57.000     55.000     48.165      0.000
    60.000     85.000     62.000      0.000
    66.000     65.000     51.200      0.000
    49.000     59.000     62.000      0.000
    46.000     58.000     57.495      0.000
    41.000     45.000     51.200      0.000
    66.000     58.000     40.400      0.000
    44.000     42.000     39.200      0.000
    37.000     50.000     50.000      0.000
    63.000     71.000     63.200      0.000
    34.000     56.000     60.800      0.000
    44.000     58.000     59.600      0.000
    45.000     51.000     53.600      0.000
    60.000     54.928     56.000      0.000
    63.000     71.000     64.400      0.000
    52.000     64.953     56.000      0.000
    40.000     44.000     53.600      0.000
    48.000     58.002     57.200      0.000
    57.000     54.000     60.800      0.000
    59.000     64.000     51.200      0.000
    59.000     72.000     54.800      0.000
    34.000     54.000     63.200      0.000
    41.000     67.000     58.400      0.000
    62.000     65.000     65.600      0.000
    56.000     66.000     51.200      1.000
    44.000     50.000     44.784      0.000
    55.000     45.000     42.800      1.000
    55.000     57.000     41.600      1.000
    62.000     57.000     38.781      1.000
    63.000     58.000     53.600      1.000
    40.000     62.000     57.910      1.000
    56.000     48.000     59.600      1.000
    26.000     44.596     30.800      1.000
    42.000     46.000     50.000      1.000
    43.000     42.000     38.635      1.000
    56.000     60.150     53.699      1.000
    53.000     47.000     64.400      1.000
    47.000     38.000     27.200      1.000
    53.000     53.000     42.800      1.000
    53.000     48.000     30.800      1.000
    55.000     54.000     50.000      1.000
    51.000     53.000     41.679      1.000
    43.000     57.000     57.200      1.000
    31.000     52.000     35.600      1.000
    54.000     44.000     51.200      1.000
    44.000     45.000     50.000      1.000
    57.000     55.000     62.000      1.000
    54.000     59.000     42.800      1.000
    37.000     45.386     38.000      1.000
    57.000     63.000     54.800      1.000
    48.000     48.000     46.400      1.000
    46.000     59.000     32.000      1.000
    34.000     52.000     62.000      1.000
    37.000     60.927     42.587      1.000
    36.000     56.000     40.227      1.000
    59.000     58.000     46.400      1.000
    38.000     64.000     60.800      1.000
    58.000     70.000     57.200      1.000
    44.000     58.000     45.200      1.000
    35.000     54.000     53.600      1.000
    44.000     58.000     52.400      1.000
    47.000     63.000     57.200      1.000
    64.000     50.000     38.000      1.000
    40.000     58.000     60.800      1.000
    55.000     35.000     52.400      1.000
    53.000     47.000     36.800      1.000
    59.000     61.000     64.400      1.000
    40.000     45.430     28.400      0.000
    63.000     53.000     38.000      1.000
    44.000     46.000     50.717      1.000
    46.000     42.651     34.400      0.000
    62.000     57.000     51.200      1.000
    57.000     57.156     53.600      1.000
    45.000     37.000     40.400      1.000
    43.000     41.000     43.282      1.000
    47.000     52.000     33.200      1.000
    41.000     60.000     47.600      1.000
    45.000     60.868     52.400      1.000
    57.000     55.000     33.200      1.000
    56.000     55.000     51.200      1.000
    51.000     55.000     54.800      1.000
    52.000     49.000     53.021      1.000
    76.000     52.000     56.000      1.000
    52.000     65.000     57.200      1.000
    42.000     56.000     44.979      1.000
    51.000     61.000     47.600      1.000
    45.000     56.594     55.901      1.000
    56.000     54.000     48.800      1.000
    44.000     50.000     33.200      1.000
    46.000     65.000     58.400      1.000
    54.000     67.000     57.200      1.000
    60.000     66.000     63.927      1.000
    36.000     62.000     40.400      1.000
    49.000     53.000     42.800      1.000
    55.000     71.000     52.400      0.000
    47.000     38.000     56.172      1.000
    45.000     51.000     59.600      1.000
    42.000     60.555     50.000      1.000
    49.000     61.000     59.600      1.000
    43.000     54.000     45.200      1.000
    47.000     47.000     65.600      1.000
    53.000     55.000     41.600      1.000
    59.000     64.000     56.000      1.000
    51.000     50.000     60.800      1.000
    55.000     65.000     52.400      1.000
    48.000     55.948     51.217      1.000
    43.000     37.000     41.376      1.000
    48.000     55.000     62.000      1.000
    36.000     45.000     32.000      1.000
    50.000     42.000     41.600      1.000
    53.000     63.842     42.800      1.000
    53.000     60.000     47.600      1.000
    30.000     49.000     28.400      1.000
    62.000     59.000     41.600      1.000
    36.000     58.000     48.800      1.000
    46.000     53.000     34.400      1.000
    46.000     53.000     48.800      1.000
    37.000     48.083     50.000      1.000
    45.000     53.000     37.260      1.000
    45.000     60.000     57.200      1.000
    60.000     75.000     57.816      1.000
    49.000     60.101     65.600      1.000
    51.000     71.000     58.400      1.000
    50.000     49.000     63.315      1.000
    43.000     54.000     46.400      0.000
    61.000     61.000     54.168      1.000
    50.000     51.000     56.000      1.000
    56.000     64.991     43.504      1.000
