    49.000     47.086     56.000      0.000
    51.000     53.000     65.600      0.000
    61.000     69.936     66.800      0.000
    57.000     53.000     50.000      0.000
    47.000     57.000     64.400      0.000
    65.000     55.000     59.600      0.000
    54.000     59.000     59.600      0.000
    61.000     74.000     66.800      0.000
    47.000     44.000     32.000      0.000
    38.000     37.000     41.600      0.000
    50.000     60.749     41.600      0.000
    55.000     67.000     53.600      0.000
    59.000     60.000     42.800      0.000
    49.000     57.000     51.200      0.000
    47.000     57.000     48.800      0.000
    46.000     68.000     58.400      0.000
    47.000     62.000     65.600      0.000
    41.000     49.257     64.400      0.000
    55.000     66.130     69.200      0.000
    45.000     53.000     50.000      0.000
    61.000     63.136     59.600      0.000
    41.000     55.000     50.000      0.000
    61.000     65.000     58.400      0.000
    34.000     43.000     57.200      0.000
    33.000     41.000     33.200      0.000
    43.000     57.000     57.200      0.000
    51.000     75.000     60.800      0.000
    40.000     59.046     69.200      0.000
    46.000     46.000     54.800      0.000
    46.000     46.000     53.600      0.000
    41.000     58.000     41.600      0.000
    59.000     74.000     65.600      0.000
    55.000     64.000     59.600      0.000
    52.000     71.000     69.200      0.000
    47.000     58.749     58.400      0.000
    64.000     61.000     59.600      0.000
    53.000     51.000     52.400      0.000
    48.000     64.837     54.800      0.000
    45.000     68.000     46.400      0.000
    38.000     47.000     62.000      0.000
    57.000     67.000     68.000      1.000
    67.000     75.000     54.800      0.000
    62.000     71.000     59.600      0.000
    44.000     60.000     60.800      0.000
    54.000     48.119     50.000      0.000
    51.000     62.000     62.000      0.000
    46.000     56.000     56.000      0.000
    48.000     44.000     47.600      0.000
    53.000     55.000     52.400      0.000
    61.000     66.000     62.000      0.000
    45.000     45.303     53.600      0.000
    49.000     71.000     65.600      0.000
    59.000     70.000     57.200      0.000
    27.000     40.000     32.000      0.000
    48.000     54.379     46.400      0.000
    53.000     57.000     42.800      0.000
    60.000     63.000     46.400      0.000
    47.000     62.000     64.400      0.000
    59.000     57.436     58.400      0.000
    58.000     68.000     57.200      0.000
    49.000     57.000     56.000      0.000
    53.000     51.300     57.200      0.000
    61.000     72.862     59.600      0.000
    51.000     48.000     47.600      0.000
    39.000     48.000     44.000      0.000
    44.000     49.000     58.400      0.000
    56.000     65.000     65.600      0.000
    53.000     68.000     57.200      0.000
    51.000     67.000     59.600      0.000
    60.000     63.000     66.800      0.000
    60.000     62.000     57.200      0.000
    68.000     62.000     45.200      0.000
    60.000     66.000     63.200      0.000
    53.000     65.000     68.000      0.000
    56.000     63.000     62.000      0.000
    29.000     52.000     59.600      0.000
    44.000     64.000     62.000      0.000
    45.000     59.000     59.600      0.000
    55.000     43.519     36.800      0.000
    49.000     58.000     54.800      0.000
    54.000     60.000     58.400      0.000
    50.000     59.761     51.200      0.000
    49.000     63.000     62.000      0.000
    62.000     51.000     50.000      0.000
    62.000     62.000     38.000      0.000
    48.000     56.000     53.600      0.000
    39.000     40.000     56.000      0.000
    55.000     58.000     54.800      0.000
    57.000     60.000     45.200      0.000
    52.000     60.791     58.400      0.000
    56.000     60.885     66.042      0.000
    54.000     53.000     54.800      0.000
    49.000     61.000     46.400      0.000
    46.000     57.000     53.600      0.000
    46.000     53.000     24.860      0.000
    55.000     62.000     58.400      0.000
    49.000     62.000     62.000      0.000
    52.000     51.000     62.000      0.000
    35.000     44.000     39.200      1.000
    57.000     48.074     39.200      0.000
    68.000     72.000     68.000      0.000
    42.000     55.000     46.400      0.000
    48.000     47.000     59.600      0.000
    49.000     60.521     69.200      0.000
    63.000     78.000     68.000      0.000
    49.000     56.000     65.600      0.000
    48.000     47.000     59.600      0.000
    51.000     51.000     30.800      0.000
    55.000     66.000     53.600      0.000
    62.000     74.000     66.800      0.000
    60.000     67.000     66.800      0.000
    50.000     55.000     63.200      0.000
    61.000     63.000     53.600      0.000
    52.000     64.000     66.800      0.000
    45.000     49.000     63.200      0.000
    56.000     60.000     66.800      0.000
    46.000     50.868     38.000      0.000
    39.000     52.000     35.600      0.000
    63.000     66.000     69.200      0.000
    43.000     57.885     53.600      0.000
    34.000     38.000     56.000      0.000
    32.000     42.408     32.000      0.000
    57.000     55.000     45.602      0.000
    60.000     85.000     62.000      0.000
    66.000     65.000     51.200      0.000
    49.000     59.000     62.000      0.000
    46.000     58.000     54.669      0.000
    41.000     45.000     51.200      0.000
    66.000     58.000     40.400      0.000
    44.000     42.000     39.200      0.000
    37.000     50.000     50.000      0.000
    63.000     71.000     63.200      0.000
    34.000     56.000     60.800      0.000
    44.000     58.000     59.600      0.000
    45.000     51.000     53.600      0.000
    60.000     64.908     56.000      0.000
    63.000     71.000     64.400      0.000
    52.000     59.772     56.000      0.000
    40.000     44.000     53.600      0.000
    48.000     67.945     57.200      0.000
    57.000     54.000     60.800      0.000
    59.000     64.000     51.200      0.000
    59.000     72.000     54.800      0.000
    34.000     54.000     63.200      0.000
    41.000     67.000     58.400      0.000
    62.000     65.000     65.600      0.000
    56.000     66.000     51.200      1.000
    44.000     50.000     50.570      0.000
    55.000     45.000     42.800      1.000
    55.000     57.000     41.600      1.000
    62.000     57.000     47.149      1.000
    63.000     58.000     53.600      1.000
    40.000     62.000     43.103      1.000
    56.000     48.000     59.600      1.000
    26.000     39.766     30.800      1.000
    42.000     46.000     50.000      1.000
    43.000     42.000     34.149      1.000
    56.000     58.296     54.599      1.000
    53.000     47.000     64.400      1.000
    47.000     38.000     27.200      1.000
    53.000     53.000     42.800      1.000
    53.000     48.000     30.800      1.000
    55.000     54.000     50.000      1.000
    51.000     53.000     37.523      1.000
    43.000     57.000     57.200      1.000
    31.000     52.000     35.600      1.000
    54.000     44.000     51.200      1.000
    44.000     45.000     50.000      0.000
    57.000     55.000     62.000      1.000
    54.000     59.000     42.800      1.000
    37.000     39.764     38.000      1.000
    57.000     63.000     54.800      1.000
    48.000     48.000     46.400      1.000
    46.000     59.000     32.000      1.000
    34.000     52.000     62.000      1.000
    37.000     41.070     47.494      1.000
    36.000     56.000     55.045      1.000
    59.000     58.000     46.400      1.000
    38.000     64.000     60.800      1.000
    58.000     70.000     57.200      1.000
    44.000     58.000     45.200      1.000
    35.000     54.000     53.600      0.000
    44.000     58.000     52.400      1.000
    47.000     63.000     57.200      1.000
    64.000     50.000     38.000      0.000
    40.000     58.000     60.800      1.000
    55.000     35.000     52.400      1.000
    53.000     47.000     36.800      1.000
    59.000     61.000     64.400      1.000
    40.000     42.880     28.400      0.000
    63.000     53.000     38.000      1.000
    44.000     46.000     19.195      1.000
    46.000     56.601     34.400      1.000
    62.000     57.000     51.200      1.000
    57.000     60.114     53.600      1.000
    45.000     37.000     40.400      1.000
    43.000     41.000     41.086      1.000
    47.000     52.000     33.200      1.000
    41.000     60.000     47.600      1.000
    45.000     52.603     52.400      1.000
    57.000     55.000     33.200      1.000
    56.000     55.000     51.200      1.000
    51.000     55.000     54.800      1.000
    52.000     49.000     33.601      1.000
    76.000     52.000     56.000      1.000
    52.000     65.000     57.200      1.000
    42.000     56.000     35.756      1.000
    51.000     61.000     47.600      1.000
    45.000     53.663     53.699      1.000
    56.000     54.000     48.800      1.000
    44.000     50.000     33.200      1.000
    46.000     65.000     58.400      1.000
    54.000     67.000     57.200      1.000
    60.000     66.000     40.490      1.000
    36.000     62.000     40.400      0.000
    49.000     53.000     42.800      1.000
    55.000     71.000     52.400      0.000
    47.000     38.000     37.117      1.000
    45.000     51.000     59.600      1.000
    42.000     49.876     50.000      1.000
    49.000     61.000     59.600      1.000
    43.000     54.000     45.200      1.000
    47.000     47.000     65.600      1.000
    53.000     55.000     41.600      1.000
    59.000     64.000     56.000      1.000
    51.000     50.000     60.800      1.000
    55.000     65.000     52.400      1.000
    48.000     46.309     52.142      1.000
    43.000     37.000     58.434      1.000
    48.000     55.000     62.000      1.000
    36.000     45.000     32.000      1.000
    50.000     42.000     41.600      1.000
    53.000     52.068     42.800      1.000
    53.000     60.000     47.600      1.000
    30.000     49.000     28.400      0.000
    62.000     59.000     41.600      1.000
    36.000     58.000     48.800      1.000
    46.000     53.000     34.400      1.000
    46.000     53.000     48.800      1.000
    37.000     44.064     50.000      1.000
    45.000     53.000     52.737      1.000
    45.000     60.000     57.200      1.000
    60.000     75.000     59.976      1.000
    49.000     60.319     65.600      1.000
    51.000     71.000     58.400      1.000
    50.000     49.000     44.068      1.000
    43.000     54.000     46.400      0.000
    61.000     61.000     51.070      1.000
    50.000     51.000     56.000      1.000
    56.000     64.081     67.664      1.000
