    49.000     64.484     56.000      0.000
    51.000     53.000     65.600      0.000
    61.000     73.883     66.800      0.000
    57.000     53.000     50.000      0.000
    47.000     57.000     64.400      0.000
    65.000     55.000     59.600      0.000
    54.000     59.000     59.600      0.000
    61.000     74.000     66.800      0.000
    47.000     44.000     32.000      0.000
    38.000     37.000     41.600      0.000
    50.000     56.600     41.600      0.000
    55.000     67.000     53.600      0.000
    59.000     60.000     42.800      0.000
    49.000     57.000     51.200      0.000
    47.000     57.000     48.800      0.000
    46.000     68.000     58.400      0.000
    47.000     62.000     65.600      0.000
    41.000     51.139     64.400      0.000
    55.000     76.043     69.200      0.000
    45.000     53.000     50.000      0.000
    61.000     72.727     59.600      0.000
    41.000     55.000     50.000      0.000
    61.000     65.000     58.400      0.000
    34.000     43.000     57.200      0.000
    33.000     41.000     33.200      0.000
    43.000     57.000     57.200      0.000
    51.000     75.000     60.800      0.000
    40.000     64.797     69.200      0.000
    46.000     46.000     54.800      1.000
    46.000     46.000     53.600      0.000
    41.000     58.000     41.600      0.000
    59.000     74.000     65.600      0.000
    55.000     64.000     59.600      0.000
    52.000     71.000     69.200      0.000
    47.000     57.429     58.400      0.000
    64.000     61.000     59.600      0.000
    53.000     51.000     52.400      0.000
    48.000     65.114     54.800      0.000
    45.000     68.000     46.400      0.000
    38.000     47.000     62.000      0.000
    57.000     67.000     68.000      1.000
    67.000     75.000     54.800      0.000
    62.000     71.000     59.600      0.000
    44.000     60.000     60.800      0.000
    54.000     51.338     50.000      0.000
    51.000     62.000     62.000      0.000
    46.000     56.000     56.000      0.000
    48.000     44.000     47.600      0.000
    53.000     55.000     52.400      0.000
    61.000     66.000     62.000      0.000
    45.000     60.463     53.600      0.000
    49.000     71.000     65.600      0.000
    59.000     70.000     57.200      0.000
    27.000     40.000     32.000      0.000
    48.000     52.462     46.400      0.000
    53.000     57.000     42.800      0.000
    60.000     63.000     46.400      0.000
    47.000     62.000     64.400      0.000
    59.000     68.001     58.400      0.000
    58.000     68.000     57.200      0.000
    49.000     57.000     56.000      0.000
    53.000     53.644     57.200      0.000
    61.000     69.627     59.600      0.000
    51.000     48.000     47.600      0.000
    39.000     48.000     44.000      0.000
    44.000     49.000     58.400      0.000
    56.000     65.000     65.600      0.000
    53.000     68.000     57.200      0.000
    51.000     67.000     59.600      0.000
    60.000     63.000     66.800      0.000
    60.000     62.000     57.200      0.000
    68.000     62.000     45.200      0.000
    60.000     66.000     63.200      0.000
    53.000     65.000     68.000      0.000
    56.000     63.000     62.000      0.000
    29.000     52.000     59.600      0.000
    44.000     64.000     62.000      0.000
    45.000     59.000     59.600      0.000
    55.000     36.467     36.800      0.000
    49.000     58.000     54.800      0.000
    54.000     60.000     58.400      0.000
    50.000     55.132     51.200      0.000
    49.000     63.000     62.000      0.000
    62.000     51.000     50.000      0.000
    62.000     62.000     38.000      0.000
    48.000     56.000     53.600      0.000
    39.000     40.000     56.000      0.000
    55.000     58.000     54.800      0.000
    57.000     60.000     45.200      0.000
    52.000     51.812     58.400      0.000
    56.000     79.409     70.973      0.000
    54.000     53.000     54.800      0.000
    49.000     61.000     46.400      0.000
    46.000     57.000     53.600      0.000
    46.000     53.000     58.049      0.000
    55.000     62.000     58.400      0.000
    49.000     62.000     62.000      0.000
    52.000     51.000     62.000      0.000
    35.000     44.000     39.200      1.000
    57.000     52.584     39.200      0.000
    68.000     72.000     68.000      0.000
    42.000     55.000     46.400      0.000
    48.000     47.000     59.600      0.000
    49.000     63.087     69.200      0.000
    63.000     78.000     68.000      0.000
    49.000     56.000     65.600      0.000
    48.000     47.000     59.600      0.000
    51.000     51.000     30.800      0.000
    55.000     66.000     53.600      0.000
    62.000     74.000     66.800      0.000
    60.000     67.000     66.800      0.000
    50.000     55.000     63.200      0.000
    61.000     63.000     53.600      0.000
    52.000     64.000     66.800      0.000
    45.000     49.000     63.200      0.000
    56.000     60.000     66.800      0.000
    46.000     52.752     38.000      0.000
    39.000     52.000     35.600      0.000
    63.000     66.000     69.200      0.000
    43.000     47.705     53.600      0.000
    34.000     38.000     56.000      0.000
    32.000     42.217     32.000      0.000
    57.000     55.000     59.747      0.000
    60.000     85.000     62.000      0.000
    66.000     65.000     51.200      0.000
    49.000     59.000     62.000      0.000
    46.000     58.000     59.881      0.000
    41.000     45.000     51.200      0.000
    66.000     58.000     40.400      0.000
    44.000     42.000     39.200      0.000
    37.000     50.000     50.000      0.000
    63.000     71.000     63.200      0.000
    34.000     56.000     60.800      0.000
    44.000     58.000     59.600      0.000
    45.000     51.000     53.600      0.000
    60.000     61.510     56.000      0.000
    63.000     71.000     64.400      0.000
    52.000     62.344     56.000      0.000
    40.000     44.000     53.600      0.000
    48.000     65.608     57.200      0.000
    57.000     54.000     60.800      0.000
    59.000     64.000     51.200      0.000
    59.000     72.000     54.800      0.000
    34.000     54.000     63.200      0.000
    41.000     67.000     58.400      0.000
    62.000     65.000     65.600      0.000
    56.000     66.000     51.200      1.000
    44.000     50.000     32.868      0.000
    55.000     45.000     42.800      1.000
    55.000     57.000     41.600      1.000
    62.000     57.000     48.166      1.000
    63.000     58.000     53.600      1.000
    40.000     62.000     33.565      1.000
    56.000     48.000     59.600      1.000
    26.000     45.120     30.800      1.000
    42.000     46.000     50.000      1.000
    43.000     42.000     36.681      1.000
    56.000     55.217     61.983      1.000
    53.000     47.000     64.400      1.000
    47.000     38.000     27.200      1.000
    53.000     53.000     42.800      1.000
    53.000     48.000     30.800      1.000
    55.000     54.000     50.000      1.000
    51.000     53.000     41.025      1.000
    43.000     57.000     57.200      1.000
    31.000     52.000     35.600      1.000
    54.000     44.000     51.200      1.000
    44.000     45.000     50.000      0.000
    57.000     55.000     62.000      1.000
    54.000     59.000     42.800      1.000
    37.000     54.583     38.000      1.000
    57.000     63.000     54.800      1.000
    48.000     48.000     46.400      1.000
    46.000     59.000     32.000      1.000
    34.000     52.000     62.000      1.000
    37.000     32.185     40.255      1.000
    36.000     56.000     56.146      1.000
    59.000     58.000     46.400      1.000
    38.000     64.000     60.800      1.000
    58.000     70.000     57.200      1.000
    44.000     58.000     45.200      1.000
    35.000     54.000     53.600      1.000
    44.000     58.000     52.400      1.000
    47.000     63.000     57.200      1.000
    64.000     50.000     38.000      1.000
    40.000     58.000     60.800      1.000
    55.000     35.000     52.400      1.000
    53.000     47.000     36.800      1.000
    59.000     61.000     64.400      1.000
    40.000     28.301     28.400      1.000
    63.000     53.000     38.000      1.000
    44.000     46.000     49.466      1.000
    46.000     42.319     34.400      1.000
    62.000     57.000     51.200      1.000
    57.000     55.933     53.600      1.000
    45.000     37.000     40.400      1.000
    43.000     41.000     37.464      1.000
    47.000     52.000     33.200      1.000
    41.000     60.000     47.600      1.000
    45.000     44.164     52.400      1.000
    57.000     55.000     33.200      1.000
    56.000     55.000     51.200      1.000
    51.000     55.000     54.800      1.000
    52.000     49.000     37.891      1.000
    76.000     52.000     56.000      1.000
    52.000     65.000     57.200      1.000
    42.000     56.000     45.209      1.000
    51.000     61.000     47.600      1.000
    45.000     44.179     48.513      1.000
    56.000     54.000     48.800      1.000
    44.000     50.000     33.200      1.000
    46.000     65.000     58.400      1.000
    54.000     67.000     57.200      1.000
    60.000     66.000     49.607      1.000
    36.000     62.000     40.400      1.000
    49.000     53.000     42.800      1.000
    55.000     71.000     52.400      0.000
    47.000     38.000     38.022      1.000
    45.000     51.000     59.600      1.000
    42.000     44.159     50.000      1.000
    49.000     61.000     59.600      1.000
    43.000     54.000     45.200      1.000
    47.000     47.000     65.600      1.000
    53.000     55.000     41.600      1.000
    59.000     64.000     56.000      1.000
    51.000     50.000     60.800      1.000
    55.000     65.000     52.400      1.000
    48.000     41.654     39.734      1.000
    43.000     37.000     40.909      1.000
    48.000     55.000     62.000      1.000
    36.000     45.000     32.000      1.000
    50.000     42.000     41.600      1.000
    53.000     41.506     42.800      1.000
    53.000     60.000     47.600      1.000
    30.000     49.000     28.400      1.000
    62.000     59.000     41.600      1.000
    36.000     58.000     48.800      1.000
    46.000     53.000     34.400      1.000
    46.000     53.000     48.800      1.000
    37.000     53.934     50.000      1.000
    45.000     53.000     38.215      1.000
    45.000     60.000     57.200      1.000
    60.000     75.000     65.158      1.000
    49.000     58.570     65.600      1.000
    51.000     71.000     58.400      1.000
    50.000     49.000     49.936      1.000
    43.000     54.000     46.400      0.000
    61.000     61.000     41.732      1.000
    50.000     51.000     56.000      1.000
    56.000     55.640     57.684      1.000
