    49.000     68.540     56.000      0.000
    51.000     53.000     65.600      0.000
    61.000     50.110     66.800      0.000
    57.000     53.000     50.000      0.000
    47.000     57.000     64.400      0.000
    65.000     55.000     59.600      0.000
    54.000     59.000     59.600      0.000
    61.000     74.000     66.800      0.000
    47.000     44.000     32.000      0.000
    38.000     37.000     41.600      0.000
    50.000     60.965     41.600      0.000
    55.000     67.000     53.600      0.000
    59.000     60.000     42.800      0.000
    49.000     57.000     51.200      0.000
    47.000     57.000     48.800      0.000
    46.000     68.000     58.400      0.000
    47.000     62.000     65.600      0.000
    41.000     58.575     64.400      0.000
    55.000     58.800     69.200      0.000
    45.000     53.000     50.000      0.000
    61.000     77.899     59.600      0.000
    41.000     55.000     50.000      0.000
    61.000     65.000     58.400      0.000
    34.000     43.000     57.200      0.000
    33.000     41.000     33.200      0.000
    43.000     57.000     57.200      0.000
    51.000     75.000     60.800      0.000
    40.000     50.867     69.200      0.000
    46.000     46.000     54.800      0.000
    46.000     46.000     53.600      0.000
    41.000     58.000     41.600      0.000
    59.000     74.000     65.600      0.000
    55.000     64.000     59.600      0.000
    52.000     71.000     69.200      0.000
    47.000     47.817     58.400      0.000
    64.000     61.000     59.600      0.000
    53.000     51.000     52.400      0.000
    48.000     51.631     54.800      0.000
    45.000     68.000     46.400      0.000
    38.000     47.000     62.000      0.000
    57.000     67.000     68.000      0.000
    67.000     75.000     54.800      0.000
    62.000     71.000     59.600      0.000
    44.000     60.000     60.800      0.000
    54.000     61.054     50.000      0.000
    51.000     62.000     62.000      0.000
    46.000     56.000     56.000      0.000
    48.000     44.000     47.600      0.000
    53.000     55.000     52.400      0.000
    61.000     66.000     62.000      0.000
    45.000     62.141     53.600      0.000
    49.000     71.000     65.600      0.000
    59.000     70.000     57.200      0.000
    27.000     40.000     32.000      0.000
    48.000     55.393     46.400      0.000
    53.000     57.000     42.800      0.000
    60.000     63.000     46.400      0.000
    47.000     62.000     64.400      0.000
    59.000     52.236     58.400      0.000
    58.000     68.000     57.200      0.000
    49.000     57.000     56.000      0.000
    53.000     67.795     57.200      0.000
    61.000     63.930     59.600      0.000
    51.000     48.000     47.600      0.000
    39.000     48.000     44.000      0.000
    44.000     49.000     58.400      0.000
    56.000     65.000     65.600      0.000
    53.000     68.000     57.200      0.000
    51.000     67.000     59.600      0.000
    60.000     63.000     66.800      0.000
    60.000     62.000     57.200      0.000
    68.000     62.000     45.200      0.000
    60.000     66.000     63.200      0.000
    53.000     65.000     68.000      0.000
    56.000     63.000     62.000      0.000
    29.000     52.000     59.600      0.000
    44.000     64.000     62.000      0.000
    45.000     59.000     59.600      0.000
    55.000     33.547     36.800      0.000
    49.000     58.000     54.800      0.000
    54.000     60.000     58.400      0.000
    50.000     59.873     51.200      0.000
    49.000     63.000     62.000      0.000
    62.000     51.000     50.000      0.000
    62.000     62.000     38.000      0.000
    48.000     56.000     53.600      0.000
    39.000     40.000     56.000      0.000
    55.000     58.000     54.800      0.000
    57.000     60.000     45.200      0.000
    52.000     52.691     58.400      0.000
    56.000     59.332     64.099      0.000
    54.000     53.000     54.800      0.000
    49.000     61.000     46.400      0.000
    46.000     57.000     53.600      0.000
    46.000     53.000     66.980      0.000
    55.000     62.000     58.400      0.000
    49.000     62.000     62.000      0.000
    52.000     51.000     62.000      0.000
    35.000     44.000     39.200      0.000
    57.000     66.516     39.200      0.000
    68.000     72.000     68.000      0.000
    42.000     55.000     46.400      0.000
    48.000     47.000     59.600      0.000
    49.000     50.693     69.200      0.000
    63.000     78.000     68.000      0.000
    49.000     56.000     65.600      0.000
    48.000     47.000     59.600      0.000
    51.000     51.000     30.800      0.000
    55.000     66.000     53.600      0.000
    62.000     74.000     66.800      0.000
    60.000     67.000     66.800      0.000
    50.000     55.000     63.200      0.000
    61.000     63.000     53.600      0.000
    52.000     64.000     66.800      0.000
    45.000     49.000     63.200      0.000
    56.000     60.000     66.800      0.000
    46.000     52.253     38.000      0.000
    39.000     52.000     35.600      0.000
    63.000     66.000     69.200      0.000
    43.000     51.707     53.600      0.000
    34.000     38.000     56.000      0.000
    32.000     36.769     32.000      0.000
    57.000     55.000     59.904      0.000
    60.000     85.000     62.000      0.000
    66.000     65.000     51.200      0.000
    49.000     59.000     62.000      0.000
    46.000     58.000     53.940      0.000
    41.000     45.000     51.200      0.000
    66.000     58.000     40.400      0.000
    44.000     42.000     39.200      0.000
    37.000     50.000     50.000      0.000
    63.000     71.000     63.200      0.000
    34.000     56.000     60.800      0.000
    44.000     58.000     59.600      0.000
    45.000     51.000     53.600      0.000
    60.000     71.342     56.000      0.000
    63.000     71.000     64.400      0.000
    52.000     74.473     56.000      0.000
    40.000     44.000     53.600      0.000
    48.000     56.691     57.200      0.000
    57.000     54.000     60.800      0.000
    59.000     64.000     51.200      0.000
    59.000     72.000     54.800      0.000
    34.000     54.000     63.200      0.000
    41.000     67.000     58.400      0.000
    62.000     65.000     65.600      0.000
    56.000     66.000     51.200      1.000
    44.000     50.000     43.734      0.000
    55.000     45.000     42.800      1.000
    55.000     57.000     41.600      1.000
    62.000     57.000     54.030      1.000
    63.000     58.000     53.600      1.000
    40.000     62.000     44.720      1.000
    56.000     48.000     59.600      1.000
    26.000     28.100     30.800      1.000
    42.000     46.000     50.000      1.000
    43.000     42.000     47.929      1.000
    56.000     51.184     49.850      1.000
    53.000     47.000     64.400      1.000
    47.000     38.000     27.200      1.000
    53.000     53.000     42.800      1.000
    53.000     48.000     30.800      1.000
    55.000     54.000     50.000      1.000
    51.000     53.000     62.586      1.000
    43.000     57.000     57.200      1.000
    31.000     52.000     35.600      1.000
    54.000     44.000     51.200      1.000
    44.000     45.000     50.000      0.000
    57.000     55.000     62.000      1.000
    54.000     59.000     42.800      1.000
    37.000     30.204     38.000      1.000
    57.000     63.000     54.800      1.000
    48.000     48.000     46.400      1.000
    46.000     59.000     32.000      1.000
    34.000     52.000     62.000      1.000
    37.000     55.292     63.118      1.000
    36.000     56.000     48.157      1.000
    59.000     58.000     46.400      1.000
    38.000     64.000     60.800      1.000
    58.000     70.000     57.200      1.000
    44.000     58.000     45.200      1.000
    35.000     54.000     53.600      0.000
    44.000     58.000     52.400      1.000
    47.000     63.000     57.200      1.000
    64.000     50.000     38.000      0.000
    40.000     58.000     60.800      1.000
    55.000     35.000     52.400      1.000
    53.000     47.000     36.800      1.000
    59.000     61.000     64.400      1.000
    40.000     37.142     28.400      0.000
    63.000     53.000     38.000      1.000
    44.000     46.000     35.269      1.000
    46.000     42.016     34.400      1.000
    62.000     57.000     51.200      1.000
    57.000     67.325     53.600      1.000
    45.000     37.000     40.400      1.000
    43.000     41.000     24.335      1.000
    47.000     52.000     33.200      1.000
    41.000     60.000     47.600      1.000
    45.000     54.721     52.400      1.000
    57.000     55.000     33.200      1.000
    56.000     55.000     51.200      1.000
    51.000     55.000     54.800      1.000
    52.000     49.000     44.174      1.000
    76.000     52.000     56.000      1.000
    52.000     65.000     57.200      1.000
    42.000     56.000     45.066      1.000
    51.000     61.000     47.600      1.000
    45.000     56.653     47.241      1.000
    56.000     54.000     48.800      1.000
    44.000     50.000     33.200      1.000
    46.000     65.000     58.400      1.000
    54.000     67.000     57.200      1.000
    60.000     66.000     50.537      1.000
    36.000     62.000     40.400      1.000
    49.000     53.000     42.800      1.000
    55.000     71.000     52.400      0.000
    47.000     38.000     28.085      1.000
    45.000     51.000     59.600      1.000
    42.000     42.125     50.000      1.000
    49.000     61.000     59.600      1.000
    43.000     54.000     45.200      1.000
    47.000     47.000     65.600      1.000
    53.000     55.000     41.600      1.000
    59.000     64.000     56.000      1.000
    51.000     50.000     60.800      1.000
    55.000     65.000     52.400      1.000
    48.000     48.572     55.744      1.000
    43.000     37.000     55.808      1.000
    48.000     55.000     62.000      1.000
    36.000     45.000     32.000      1.000
    50.000     42.000     41.600      1.000
    53.000     54.116     42.800      1.000
    53.000     60.000     47.600      1.000
    30.000     49.000     28.400      1.000
    62.000     59.000     41.600      1.000
    36.000     58.000     48.800      1.000
    46.000     53.000     34.400      1.000
    46.000     53.000     48.800      1.000
    37.000     50.709     50.000      1.000
    45.000     53.000     50.362      1.000
    45.000     60.000     57.200      1.000
    60.000     75.000     52.527      1.000
    49.000     67.588     65.600      1.000
    51.000     71.000     58.400      1.000
    50.000     49.000     38.837      1.000
    43.000     54.000     46.400      0.000
    61.000     61.000     55.241      1.000
    50.000     51.000     56.000      1.000
    56.000     52.691     38.510      1.000
