    1     1     0     1    32    11     3    18     4
    2     1     1     1   999    13     4    18     4
    3     1     1     1    30     9     4    18     4
    4     1     1     1    29     8     3    18     4
    5     1     1     0    26     7     4    18     4
    6     1   999     0   999    10   999    18     4
    7     2     0     0   999    11     5    17     4
    8     2     0     1    22     9     3    17     4
    9     2     0     0    23   999     2    17     4
   10     2     0     0    32     9     4    17     4
   11     2     0     1   999    12     5    17     4
   12     2     1     0    36    13     4    17     4
   13     3     0     0    16     0     3   999     2
   14     3     1     0    25     8     3   999     2
   15     3     0     1    31    15     3   999     2
   16     3     0     1    27     9     6   999     2
   17     3     0     1    30     9     4   999     2
   18     3     0     1    23   999     3   999     2
   19     4     0     0   999    13     3    20     4
   20     4     1     0    26    11     5    20     4
   21     4     0     1    27     8     4    20     4
   22     4     1     1    42    10     4    20     4
   23     4     0     1    24     8     5    20     4
   24     4     0     0    37    16     6    20     4
   25     5     0     0    33    12     4    23     3
   26     5     0     1    37    13     4    23     3
   27     5     0     1    29   999     4    23     3
   28     5     0     1    32     9     5    23     3
   29     5     0     0    24     6     4    23     3
   30     5     1     0    31     6     3    23     3
   31     6     1     0    21     2     3   999     2
   32     6     1     0    29     8     3   999     2
   33     6     0     1   999    12     5   999     2
   34     6     0     1    25     9     5   999     2
   35     6   999     0   999    12   999   999     2
   36     6     1     1    36   999     5   999     2
   37     7     1     1    29     4     2    12     1
   38     7     0     1    26   999     4    12     1
   39     7     1     0    26     6     2    12     1
   40     7     0     1    26    10     4    12     1
   41     7     1     1    31     9     4    12     1
   42     7     0     0    33     8     4    12     1
   43     8   999     0   999     8   999    16     1
   44     8     0     0    26    12     5    16     1
   45     8     0     1    25     5     5    16     1
   46     8   999     1   999     9   999    16     1
   47     8     0     1    29     5     3    16     1
   48     8     0     0    27   999     4    16     1
   49     9     0     0    27     7     5    23     3
   50     9     0     0    28     9     5    23     3
   51     9     0     0    26     7     4    23     3
   52     9     0     1    29    12     4    23     3
   53     9     1     1    28    10     4    23     3
   54     9     0     0    25   999     5    23     3
   55    10     1     1    33     8     4    24     3
   56    10     1     0    27     9     3    24     3
   57    10     0     1    29     6     4    24     3
   58    10     0     1    36    14     4    24     3
   59    10     0     0    24   999     4    24     3
   60    10     0     1    22     5     3    24     3
   61    11     1     0    28     8     3    15     2
   62    11     0     1    26     7     6    15     2
   63    11     0     0    30    11     4    15     2
   64    11     0     1    28     8     4    15     2
   65    11     0     1    28     8     3    15     2
   66    11     1     0    25     5     3    15     2
   67    12     0     1    36    10     5    18     3
   68    12     0     1    32   999     3    18     3
   69    12     0     0    30    11     4    18     3
   70    12     0     0    30    12     7    18     3
   71    12     1     0    34     9     3    18     3
   72    12   999     1   999     7   999    18     3
   73    13     0     1    24     5     5    19     2
   74    13     0     1    23     2     4    19     2
   75    13     0     0    25    10     4    19     2
   76    13     1     0    27    11     4    19     2
   77    13     1     1    24     6     3    19     2
   78    13   999     1   999     8   999    19     2
   79    14     1     1    24     3     2    20     3
   80    14     0     1    30   999     3    20     3
   81    14     1     0    22     7     2    20     3
   82    14     1     0    27     8     4    20     3
   83    14     0     0    38    10     4    20     3
   84    14     1     1    30     4     4    20     3
   85    15     0     1    34     9     3    15     3
   86    15     0     1    24    13     5    15     3
   87    15     1     1    21     5     3    15     3
   88    15     0     1    33    12     3    15     3
   89    15     0     1    35    10     5    15     3
   90    15     1     1    23   999     1    15     3
   91    16     0     1    28     9     5    24     4
   92    16   999     1   999     9   999    24     4
   93    16     1     0    24     4     3    24     4
   94    16     0     1    34    12     5    24     4
   95    16     0     0    34     8     5    24     4
   96    16     1     0   999    12     6    24     4
   97    17     1     0    29     4     3    15     1
   98    17   999     0   999    11   999    15     1
   99    17     0     0    26    10     5    15     1
  100    17     0     1    33    10     4    15     1
  101    17     1     1    29   999     4    15     1
  102    17     0     0   999    12     6    15     1
  103    18     0     1   999    10     1    16     3
  104    18     1     0    22    10     4    16     3
  105    18     0     1    28     9     3    16     3
  106    18     1     1    32    13     4    16     3
  107    18     0     0    27    10     2    16     3
  108    18   999     1   999    17   999    16     3
  109    19     0     0    28     8     5    22     3
  110    19     0     0    33    13     4    22     3
  111    19     0     1   999     9     4    22     3
  112    19     0     0    26     4     7    22     3
  113    19     0     1    33   999     3    22     3
  114    19     0     0   999    11     4    22     3
  115    20     0     0    23     9     3    14     2
  116    20     1     0    22     6     4    14     2
  117    20     0     0    29    12     4    14     2
  118    20     0     0    26    15     4    14     2
  119    20     1     0    29    10     3    14     2
  120    20     0     0    24     9     4    14     2
  121    21     0     1    25     7     3    19     3
  122    21     1     0   999    17     4    19     3
  123    21     1     0    17     5     2    19     3
  124    21     0     0    35   999     5    19     3
  125    21     0     0    26     9     5    19     3
  126    21     0     1    37    10     3    19     3
  127    22     0     1    39    10     5   999     3
  128    22     0     1    31     7     4   999     3
  129    22     0     1    32     6     3   999     3
  130    22     0     1    33     9     6   999     3
  131    22     0     0    32     5     3   999     3
  132    22     0     1    31   999     3   999     3
  133    23     0     1    28    11     4    24     4
  134    23     0     0    22    10     4    24     4
  135    23   999     0   999    14   999    24     4
  136    23     0     1    33    11     5    24     4
  137    23     0     1    30     9     4    24     4
  138    23     0     1   999    13     6    24     4
  139    24     0     0    28    10     3    19     3
  140    24     0     1    36    14     4    19     3
  141    24     1     0    27   999     3    19     3
  142    24     0     0    26    11     2    19     3
  143    24     0     0    24     9     1    19     3
  144    24     0     1   999    13     4    19     3
  145    25   999     1   999    10   999   999     1
  146    25     1     0    26     8     1   999     1
  147    25     0     0    34     6     4   999     1
  148    25     1     0    26     6     2   999     1
  149    25   999     1   999    10   999   999     1
  150    25     0     0    28   999     4   999     1
  151    26     0     1    29     9     4    22     2
  152    26     0     0   999    12     4    22     2
  153    26     1     0    23    10     3    22     2
  154    26     0     0    22     9     5    22     2
  155    26     0     1    31     7     3    22     2
  156    26     0     1    26    10     4    22     2
  157    27     1     1    34   999     3    21     4
  158    27     0     1    32    12     4    21     4
  159    27     0     1   999    13     6    21     4
  160    27     1     1    29     7     5    21     4
  161    27     0     0    20     4     5    21     4
  162    27     0     0    29    12     5    21     4
  163    28     1     1    25     3     5    26     3
  164    28     0     1    30   999     5    26     3
  165    28     0     1    29     8     7    26     3
  166    28     0     0    30     8     5    26     3
  167    28     1     0    26     9     3    26     3
  168    28     0     1   999    11     7    26     3
  169    29     0     1    30    12     4    19     3
  170    29     0     1    30    12     3    19     3
  171    29     1     1    32   999     3    19     3
  172    29   999     0    23     5   999    19     3
  173    29   999     0   999    14   999    19     3
  174    29     0     1    35    13     5    19     3
  175    30     1     0    26     9     4    21     3
  176    30     1     0    22    14     7    21     3
  177    30     1     0    30   999     2    21     3
  178    30     0     0    30    14     6    21     3
  179    30     0     1    29    14     5    21     3
  180    30     1     1    32   999     3    21     3
  181    31     1     0    28    10     3    21     3
  182    31     0     0   999    14     4    21     3
  183    31     1     1    22     8     5    21     3
  184    31     0     1    35    11     3    21     3
  185    31     0     0   999    15     5    21     3
  186    31     0     1    28    12     7    21     3
  187    32     1     1    23     9     3    15     1
  188    32     0     0    28     9     3    15     1
  189    32     0     0    29    12     3    15     1
  190    32     1     0    25     6     4    15     1
  191    32     1     0    29    11     3    15     1
  192    32     0     0    25   999     4    15     1
  193    33     1     1    32     8     3    19     4
  194    33     0     1    31    12     6    19     4
  195    33     0     0   999    14     4    19     4
  196    33     0     0    33    13     5    19     4
  197    33     0     1   999    10     3    19     4
  198    33     0     1    32    11     3    19     4
  199    34     1     1    27     9     4    24     4
  200    34     0     1    30    11     4    24     4
  201    34     1     0   999    11     5    24     4
  202    34     0     1    30   999     6    24     4
  203    34     0     1    31    12     4    24     4
  204    34     0     1   999    13     3    24     4
  205    35     0     0   999    15     7    33     3
  206    35     0     1    38    12     6    33     3
  207    35     0     1    32     8     5    33     3
  208    35     0     1    30     7     3    33     3
  209    35     0     1   999    15     7    33     3
  210    35     0     0    18     4     2    33     3
  211    36     0     0    22     8     5    26     3
  212    36     0     0    23     9     5    26     3
  213    36     0     1    31    11     5    26     3
  214    36     0     0    29    10     3    26     3
  215    36     0     0    20    10     5    26     3
  216    36     0     1    20     9     5    26     3
  217    37     1     0    36     6     4    17     3
  218    37     0     1    32     9     3    17     3
  219    37     1     0    26     7     2    17     3
  220    37     0     0    26    11     2    17     3
  221    37     1     0    23    10     4    17     3
  222    37     0     0    31    11     5    17     3
  223    38     1     1    30     7     3    27     3
  224    38     0     0    36    11     5    27     3
  225    38     0     1    28    11     3    27     3
  226    38     0     1    26    10     4    27     3
  227    38     0     0    31     9     5    27     3
  228    38     0     0    25     8     4    27     3
  229    39     0     0    30    12     6    19     3
  230    39     0     1    23     8     4    19     3
  231    39     0     1    40    15     5    19     3
  232    39     1     1    27    12     3    19     3
  233    39     1     0    22     9     5    19     3
  234    39     1     1   999    15     4    19     3
  235    40     0     1    30    10     4    15     2
  236    40   999     1   999     8   999    15     2
  237    40     1     1    26    10     2    15     2
  238    40     0     0    25    14     6    15     2
  239    40     0     1   999    15     5    15     2
  240    40     0     0   999    16     6    15     2
  241    41     0     1   999    13     5    23     4
  242    41     0     0    30    10     4    23     4
  243    41     0     1   999    13     4    23     4
  244    41     1     0    24     8     2    23     4
  245    41     0     1    41    17     5    23     4
  246    41     0     0    28     8     6    23     4
  247    42     1     1    28    11     5    18     3
  248    42     1     1    32     7     4    18     3
  249    42     0     0   999    12     4    18     3
  250    42     1     0   999    14     3    18     3
  251    42     0     1    27     9     2    18     3
  252    42     0     0   999    13     5    18     3
  253    43     0     0   999    12     4    15     3
  254    43     0     1    27     9     5    15     3
  255    43     0     1    36    11     5    15     3
  256    43     0     0    23    14     4    15     3
  257    43     1     0    29    13     4    15     3
  258    43     1     1    23    13     3    15     3
  259    44     1     0    28    10     2    21     4
  260    44     0     0   999    15     6    21     4
  261    44     0     1    26    10     4    21     4
  262    44     0     1    31    10     4    21     4
  263    44     1     1   999    15     7    21     4
  264    44     0     0    25     8     6    21     4
  265    45     0     0    25    11     4    12     1
  266    45     1     1    25     9     1    12     1
  267    45     1     1    29     7     4    12     1
  268    45     0     0    22     9     4    12     1
  269    45     1     0    19     5     1    12     1
  270    45     1     1    28    11     4    12     1
  271    46     1     0    21     6     2    17     3
  272    46     1     0    35    12     3    17     3
  273    46     0     0    28     8     3    17     3
  274    46     0     1    33    14     5    17     3
  275    46   999     0   999     9   999    17     3
  276    46   999     0   999    10   999    17     3
  277    47   999     0   999     8   999   999     3
  278    47     1     1    37     5     3   999     3
  279    47     1     0    32     7     2   999     3
  280    47     0     0    27    10     3   999     3
  281    47     0     1    33     9     2   999     3
  282    47     1     1    32     7     6   999     3
  283    48     0     0    24     5     4    24     2
  284    48     0     1    28    11     6    24     2
  285    48     0     0    23     7     2    24     2
  286    48     0     0    30    11     5    24     2
  287    48     0     0    22     5     6    24     2
  288    48     0     0    27     8     3    24     2
  289    49     0     0    31    10     6    21     4
  290    49     1     0    24     9     4    21     4
  291    49     1     0    36    14     4    21     4
  292    49     0     1    33     9     5    21     4
  293    49     0     1    31    15     7    21     4
  294    49     0     1    27     6     5    21     4
  295    50     1     0    27     9     5    22     3
  296    50   999     0    28     8   999    22     3
  297    50     0     0   999    13     4    22     3
  298    50     0     0    28    14     4    22     3
  299    50     0     1    34    13     6    22     3
  300    50     1     0    27     8     3    22     3
  301    51     0     0    28    12     6    26     4
  302    51     0     1   999    17     6    26     4
  303    51     0     0    35    13     6    26     4
  304    51     0     1   999    17     6    26     4
  305    51     0     1    23     5     5    26     4
  306    51     0     1   999    11     4    26     4
  307    52     0     1    32     8     5    19     3
  308    52     0     0   999    10     4    19     3
  309    52     1     1   999    13     6    19     3
  310    52     0     1    28     8     4    19     3
  311    52     0     0    31     9     4    19     3
  312    52     1     1    37     9     4    19     3
  313    53     0     1    27     7     3    21     3
  314    53     0     0   999    10     4    21     3
  315    53   999     0   999     8     1    21     3
  316    53     0     0    32     9     4    21     3
  317    53     0     0    29    10     5    21     3
  318    53     0     0    29     8     4    21     3
  319    54     0     1    30    16     5    21     3
  320    54     1     1   999    13     3    21     3
  321    54     0     1    24    10     5    21     3
  322    54     0     1    33    12     5    21     3
  323    54     0     1   999    17     5    21     3
  324    54     0     1    27    15     4    21     3
  325    55     0     0    28     7     3   999     2
  326    55     0     0    26     6     2   999     2
  327    55     0     0    27     5     4   999     2
  328    55     0     0    28    10     4   999     2
  329    55     0     0    24     8     4   999     2
  330    55     0     0    27     6     4   999     2
  331    56     0     1    26    10     5    14     2
  332    56     1     0    23     8     2    14     2
  333    56     1     0    19     8     2    14     2
  334    56   999     1   999    11     1    14     2
  335    56     1     0    23     9     2    14     2
  336    56   999     0   999    15   999    14     2
  337    57     0     0    29    12     5    12     3
  338    57     0     0    26     9     5    12     3
  339    57     1     1    25    16     3    12     3
  340    57     0     0    25    11     3    12     3
  341    57     1     1    27    12     3    12     3
  342    57     0     0    31    10     2    12     3
  343    58     0     0    20     8     3    18     2
  344    58     0     1    29     8     5    18     2
  345    58     0     0    33     9     5    18     2
  346    58     0     1    32    13     5    18     2
  347    58     1     0    28     7     2    18     2
  348    58     0     0    29    10     4    18     2
  349    59     0     1    30    11     5    13     3
  350    59     0     0    28     7     4    13     3
  351    59     0     0    29    13     2    13     3
  352    59     0     0    21     9     3    13     3
  353    59     1     0    26    10     4    13     3
  354    59   999     0   999     6   999    13     3
  355    60     1     1    27     6     4    22     1
  356    60     0     1    28    11     6    22     1
  357    60     1     0    27     5     2    22     1
  358    60     0     0    24     8     3    22     1
  359    60     0     1    25     4     3    22     1
  360    60     0     0    31     9     3    22     1
  361    61     0     1    32    11     2    25     1
  362    61     1     1   999    13     3    25     1
  363    61     1     0    33    10     4    25     1
  364    61     0     0    23     7     3    25     1
  365    61     0     1    30    11     4    25     1
  366    61   999     1    30     6   999    25     1
  367    62     0     0    22     4     2    15     3
  368    62     0     0    29    11     6    15     3
  369    62     1     1    28    12     4    15     3
  370    62     1     1    29    12     4    15     3
  371    62     1     0    22     6     4    15     3
  372    62     0     0    30    14     5    15     3
  373    63   999     0   999     6   999    24     3
  374    63     0     0    32     8     6    24     3
  375    63     0     0    25     9     4    24     3
  376    63     0     1    31     8     4    24     3
  377    63     0     1    28    12     6    24     3
  378    63     0     0    30     5     4    24     3
  379    64     0     0    31    13     5    17     3
  380    64     1     1    28    13     5    17     3
  381    64     0     0    26     9     5    17     3
  382    64     1     0    27     6     2    17     3
  383    64     1     1   999    14     4    17     3
  384    64   999     0    28     6   999    17     3
  385    65     0     0    26     8     4    19     3
  386    65     1     0    27     8     4    19     3
  387    65     0     0    22    10     4    19     3
  388    65     0     1   999    11     5    19     3
  389    65     0     1    24     8     2    19     3
  390    65     0     0    32    10     6    19     3
  391    66     0     1    29     6     4    25     3
  392    66     0     1    29     8     4    25     3
  393    66     0     0   999    12     6    25     3
  394    66     0     0    37    10     5    25     3
  395    66     0     0    38    13     5    25     3
  396    66     0     1    29    11     4    25     3
  397    67     0     0    24    11     2   999     1
  398    67     1     0    24     9     4   999     1
  399    67     1     0   999     9     4   999     1
  400    67     1     1    24    10     6   999     1
  401    67     0     0    24     5     2   999     1
  402    67     0     0    28    11     4   999     1
  403    68     0     0    23     6     3   999     2
  404    68     0     1    34     7     3   999     2
  405    68     0     0    33     7     5   999     2
  406    68     0     0   999    14     3   999     2
  407    68   999     1   999    10   999   999     2
  408    68     1     1    19     6     3   999     2
  409    69     0     1   999    13     5    24     3
  410    69     0     0   999    10     6    24     3
  411    69     0     1    33    11     3    24     3
  412    69     0     0    27     9     4    24     3
  413    69     0     1    37     9     4    24     3
  414    69     0     1    30    14     6    24     3
  415    70     0     1    29     8     4    18     1
  416    70     0     1    28     6     3    18     1
  417    70     1     0    29    13     5    18     1
  418    70     1     1   999    13     4    18     1
  419    70     1     1    35     7     3    18     1
  420    70     1     1    28     3     2    18     1
  421    71     0     1    35    11     4    26     3
  422    71     0     1    31     9     7    26     3
  423    71     0     1    29    10     5    26     3
  424    71     0     1    32     9     5    26     3
  425    71     0     0    30     4     1    26     3
  426    71     1     0    28     7     4    26     3
  427    72     0     0    25     9     4    22     3
  428    72     0     1    27    12     4    22     3
  429    72     1     0   999    14     3    22     3
  430    72     1     1    26     7     3    22     3
  431    72     0     0   999    11     5    22     3
  432    72     1     0    28     9     3    22     3
  433    73     0     1    33     9     5    23     3
  434    73     0     0    25     6     5    23     3
  435    73     0     0    27     8     3    23     3
  436    73   999     0   999     9   999    23     3
  437    73     0     1    38     9     3    23     3
  438    73     1     0    28     7     4    23     3
  439    74   999     0   999    10   999    21     1
  440    74     1     0    23    11     4    21     1
  441    74     1     1    30     9     4    21     1
  442    74     0     1    31     9     3    21     1
  443    74     0     1    31    12     3    21     1
  444    74     1     0    26     5     3    21     1
  445    75   999     0   999    10   999    20     2
  446    75     0     0    32     8     5    20     2
  447    75     0     1    28    11     5    20     2
  448    75     1     0    23     7     2    20     2
  449    75     0     1    27     8     5    20     2
  450    75     0     1    25     8     3    20     2
  451    76     0     1    27     4     4    16     1
  452    76     1     0    20     6     2    16     1
  453    76     0     0   999    13     4    16     1
  454    76     0     1   999    13     4    16     1
  455    76     1     0    14     4     3    16     1
  456    76     0     0    23    11     3    16     1
  457    77     1     1    31     5     3    23     3
  458    77     0     0    28    10     7    23     3
  459    77     1     0    28     6     2    23     3
  460    77     0     0    30    14     5    23     3
  461    77     0     1    27     7     4    23     3
  462    77     0     0    33    11     4    23     3
  463    78     1     0    28    12     4    19     4
  464    78     1     1    32    10     5    19     4
  465    78     0     0    30    11     3    19     4
  466    78     0     1    27    17     7    19     4
  467    78     0     1    35    11     4    19     4
  468    78     0     1    30    14     6    19     4
  469    79     0     0    27     6     3    21     2
  470    79     1     0    23     4     2    21     2
  471    79     0     0    29    12     2    21     2
  472    79     0     1    27    11     4    21     2
  473    79     1     1    24     4     3    21     2
  474    79     0     1    19     9     2    21     2
  475    80     0     1    28     6     4   999     2
  476    80     1     1    15     8     2   999     2
  477    80     0     0    28    11     4   999     2
  478    80     1     1    27    11     4   999     2
  479    80     0     0    29     8     4   999     2
  480    80     0     1    23     7     3   999     2
  481    81     0     0    25    11     4    21     3
  482    81     0     0    29    12     5    21     3
  483    81     0     1   999    15     7    21     3
  484    81     0     0    36    13     6    21     3
  485    81     0     1    32    10     5    21     3
  486    81     0     0    24    12     6    21     3
  487    82     1     1    31     9     4    18     4
  488    82     0     0    31    12     4    18     4
  489    82     0     0    27     8     6    18     4
  490    82     0     0   999    13     4    18     4
  491    82     1     0   999    16     6    18     4
  492    82     0     0    27    13     4    18     4
  493    83     1     0    28     7     3    17     3
  494    83     0     1    31     9     5    17     3
  495    83     0     1    28     8     4    17     3
  496    83     1     1    29     8     3    17     3
  497    83     0     0    33    11     5    17     3
  498    83     1     0    26     6     4    17     3
  499    84     1     1    31     6     3    19     2
  500    84     0     1    28    10     4    19     2
  501    84     1     1    35    14     4    19     2
  502    84     0     1    26    11     4    19     2
  503    84     0     0    28    10     3    19     2
  504    84     1     0    28    15     4    19     2
  505    85     0     1    28    10     6    25     3
  506    85     0     1    30    12     4    25     3
  507    85     0     0    29    12     3    25     3
  508    85     0     0    24     6     3    25     3
  509    85     0     1    34    14     7    25     3
  510    85     1     1    26     6     4    25     3
  511    86     0     0    32     9     4    21     2
  512    86     0     0   999    14     4    21     2
  513    86     0     1    28     8     4    21     2
  514    86     1     1    38     9     5    21     2
  515    86     0     0    29     8     4    21     2
  516    86     1     1    31   999     5    21     2
  517    87     1     0    24     8     3    24     3
  518    87     0     1    40    13     3    24     3
  519    87     0     0    26   999     5    24     3
  520    87     0     1   999    12     5    24     3
  521    87     0     1    28    10     6    24     3
  522    87     1     1    22     5     2    24     3
  523    88     0     0    29    12     3    27     4
  524    88     0     0   999    13     6    27     4
  525    88     0     1    30     9     3    27     4
  526    88     0     0   999    13     5    27     4
  527    88     0     1    38    14     5    27     4
  528    88     0     1    31     8     3    27     4
  529    89     1     1    28     9     3    15     3
  530    89     0     0    26     4     2    15     3
  531    89     1     0    30     6     4    15     3
  532    89     1     1    25     5     3    15     3
  533    89     1     1    26     6     3    15     3
  534    89     0     0    28    10     3    15     3
  535    90     0     1    30     7     5    14     1
  536    90     1     0    19     6     2    14     1
  537    90     1     1    34    14     4    14     1
  538    90     1     0    25     8     3    14     1
  539    90     1     0    18     6     2    14     1
  540    90     0     0    30    11     4    14     1
  541    91     0     1    33    14     5    24     4
  542    91     0     1    25    10     5    24     4
  543    91     0     1    38    13     4    24     4
  544    91     0     1    30    11     4    24     4
  545    91     0     1    32    11     4    24     4
  546    91     0     1    36    12     6    24     4
  547    92     1     0    23    10     4    19     2
  548    92     0     0    23     9     4    19     2
  549    92     0     0    28    13     4    19     2
  550    92     1     0    29    11     5    19     2
  551    92     0     1    22     2     3    19     2
  552    92     0     0    24    13     3    19     2
  553    93     0     1    28     9     4    23     3
  554    93   999     0   999    11   999    23     3
  555    93     0     0    32    10     4    23     3
  556    93     0     1   999    11     5    23     3
  557    93     1     1    34     9     4    23     3
  558    93     0     1    34    13     7    23     3
  559    94     1     1   999    14     4    23     3
  560    94     0     1    21    17     6    23     3
  561    94     0     1    27    10     4    23     3
  562    94     1     0    28    12     3    23     3
  563    94     0     0    32    10     5    23     3
  564    94     0     0    31    11     4    23     3
  565    95     0     1    25     7     4    25     3
  566    95     0     1    30    14     7    25     3
  567    95     0     0    28    10     5    25     3
  568    95     0     1    31     8     4    25     3
  569    95     1     0    33     4     3    25     3
  570    95     0     1    29     9     5    25     3
  571    96     0     0    39    16     4    24     3
  572    96     0     1    26     7     4    24     3
  573    96     0     1   999    17     6    24     3
  574    96     0     1    30     8     3    24     3
  575    96     0     1   999    14     6    24     3
  576    96     1     0    26    11     2    24     3
  577    97     0     1   999    11     6    21     3
  578    97     0     0    25     7     6    21     3
  579    97     0     1   999    13     5    21     3
  580    97     0     0    35    13     4    21     3
  581    97     0     0   999    15     5    21     3
  582    97     1     0    31    15     6    21     3
  583    98     1     1    31     8     3    16     2
  584    98     1     0    24     7     1    16     2
  585    98     1     0   999    16     2    16     2
  586    98     1     0    27     6     1    16     2
  587    98     0     0    34     7     4    16     2
  588    98     0     0    32     7     4    16     2
  589    99     1     0    30     7     3    16     2
  590    99     0     1    25     7     3    16     2
  591    99     0     1    29     8     4    16     2
  592    99     1     1    27     9     3    16     2
  593    99     1     1    28    12     6    16     2
  594    99     0     1    28     7     4    16     2
  595   100     1     1    24     9     2   999     1
  596   100     0     0    23     9     3   999     1
  597   100     1     0    24     6     3   999     1
  598   100     1     0    21     5     2   999     1
  599   100     0     0    21     8     2   999     1
  600   100     1     0    27     9     3   999     1
  601   101     0     1    29     7     4    22     1
  602   101     1     1    28     8     3    22     1
  603   101     0     1    33    10     5    22     1
  604   101     1     0    24     7     2    22     1
  605   101     0     1    35     9     5    22     1
  606   101     0     0    28     9     3    22     1
  607   102   999     1    25     1   999    27     2
  608   102     0     0    34    12     5    27     2
  609   102     0     0    30     7     3    27     2
  610   102     0     0    25     5     4    27     2
  611   102     0     0    36     8     2    27     2
  612   102     0     1    31     7     3    27     2
  613   103     0     0    20     7     2    18     2
  614   103     0     0    26     4     1    18     2
  615   103     0     1    28    10     4    18     2
  616   103     0     0    28    10     4    18     2
  617   103     1     1    31     7     5    18     2
  618   103     0     0    24     9     3    18     2
  619   104     0     1   999    13     5    17     3
  620   104     1     0    28    10     3    17     3
  621   104     0     1    28     9     3    17     3
  622   104     0     1    26    12     3    17     3
  623   104     1     0    23     5     3    17     3
  624   104     1     1    27     9     4    17     3
  625   105     1     0   999    11     6    21     3
  626   105     1     0    28     5     4    21     3
  627   105     1     0    17     5     3    21     3
  628   105     1     1    28    10     4    21     3
  629   105     0     0   999     9     4    21     3
  630   105     1     1    32     5     3    21     3
