   1  127 1  7.27  41   3   0   1   2 56.50   9 999  55 999
   1  128 1  7.27  41   2   0   0   2 49.20   9 999  49 999
   1  129 1  7.27  41   2   1   1   2 45.90  10  11  46  46
   1  130 1  7.27  41   3   0   1   2 53.70   9  10  54  59
   1  131 1  7.27  41   2   0   1   3 50.02  11 999  53 999
   1  132 1  7.27  41   3   1   1   2   999   9   9  50  48
   1  133 1  7.27  41   2   0   1   2 40.60   7   7  49  48
   1  134 1  7.27  41   2   1   1   2 39.90   0   9  50  52
   1  135 1  7.27  41   3   0 999   2 45.70  10   7  52  48
   1  136 1  7.27  41   3   0   1   2 54.10   7   8  48  59
   1  137 1  7.27  41   3   0   1   2 32.20   5   6  48  45
   1  138 1  7.27  41   3   0   1   2 49.20   7   7  50  49
   1  139 1  7.27  41   3   0   1   2 18.60   7   6  45  49
   1  140 1  7.27  41   3   0   1   1 46.60   6 999  46 999
   1  141 1  7.27  41 999   1   1   2 44.67   9   9  49  44
   1  142 1  7.27  41   3   0 999   2 49.40   7   6  50  54
   1  143 1  7.27  41   2   0   1   2 29.60   7   8  47  43
   1  144 1  7.27  41   2   1   1   2 46.60   8  11  49  48
   1  145 1  7.27  41 999   1   1   2 48.70   5   7  54  55
   1  146 1  7.27  41   2   0   1   3 59.00  11   9  56  58
   1  147 1  7.27  41   2   0   1   2  6.50   8   6  43  37
   1  148 1  7.27  41   2   1   1 999 45.20   9   9  48  46
   1  149 1  7.27  41 999   1   1   2 41.00   9   9  40  45
   1  258 1  7.27  41   3   0   1   1 25.90   9 999  42 999
   1  259 1  7.27  41   2   1   1   2 41.00  10   6  45  50
   1  260 1  7.27  41   2   1   1   2 36.80   9  10  38  43
   1  261 1  7.27  41   2   0   1   2 48.00   9   8  50  51
   1  262 1  7.27  41   2   1   1   2 48.30  11   8  51  51
   1  263 1  7.27  41   2   1   1   2   999  10  11  54  47
   1  264 1  7.27  41 999   1   1   3 56.20  12  10  48  50
   1  265 1  7.27  41   2   0   1   2 52.50  10  10  48  43
   1  266 1  7.27  41   2   1   1   2 51.60   8   8  50  47
   1  267 1  7.27  41   2   0   1   2 43.10   9   9  53  53
   1  268 1  7.27  41   2   1   0   2 53.40   9  10  49  52
   1  598 1  7.27  41   2   1   1   2 45.00  10   8  53  52
   1  599 1  7.27  41   2   0   1   2   999   7 999  48 999
   1  600 1  7.27  41   3   0   1   2 42.70   7 999  53 999
   1  601 1  7.27  41 999   0   1   2 37.30   9 999  54 999
   1  602 1  7.27  41   3   1   1   2 36.80   9 999  46 999
   1  603 1  7.27  41   2   1   1   2 52.30  11  11  50  50
   1  604 1  7.27  41   2   0   1   2 39.60   9   9  43  38
   1  605 1  7.27  41   2   0   1   2 44.30  10  11  51  48
   1  959 1  7.27  41   2   1   0   2 30.50   9   9  45  48
   1  960 1  7.27  41   2   0   1   3 60.00  10 999  52 999
   2  606 0  4.33  12   2   1   1   1 44.80   9 999  38 999
   2  607 0  4.33  12   2   1   1   2 42.40   6   5  50  48
   2  608 0  4.33  12   2   0   1   2 56.20  11  12  51  55
   2  609 0  4.33  12   2   0   1   2 55.80   8 999  51 999
   2  610 0  4.33  12 999   0   1   2 36.40  10   9  51  52
   2  611 0  4.33  12   2   0   1   2 51.10   9  10  49  54
   2  612 0  4.33  12   2   0   1   2 51.80   8 999  48 999
   2  613 0  4.33  12   2   0   1   2 45.00   7  10  48  49
   2  614 0  4.33  12   2   1   1   2   999   9   8  47  52
   2  615 0  4.33  12   2   1   1   2 44.80  10   9  50  47
   2  616 0  4.33  12   2   1   1   2 42.70   7   9  45  49
   2  617 0  4.33  12   2   1 999 999 51.10  11 999  54 999
   2  618 0  4.33  12   2   0   1   2 53.70   9 999  53 999
   2  619 0  4.33  12   2   1   1   2 52.70   8  10  54  56
   2  620 0  4.33  12   2   0   1   2   999  12  12  43  52
   2  621 0  4.33  12   2   0   1   2 43.60  12   8  48  58
   2  622 0  4.33  12   2   0   1   2 42.90  11  11  51  52
   2  623 0  4.33  12   2   0   1   2 49.26  11  11  50  52
   2  624 0  4.33  12   2   0   1   2 42.20  11  11  50  49
   2  625 0  4.33  12 999   0 999   2 19.60   9  10  42  46
   2  626 0  4.33  12   2   1   1   2 50.60  10  10  51  55
   2  627 0  4.33  12   2   1   1   2 37.50  10  10  45  49
   2  628 0  4.33  12   2   0   0   2 31.90  12  12  47  43
   2  629 0  4.33  12 999   0   1 999   999   8   8  49  54
   2  630 0  4.33  12   3   0   1   2 39.20  10 999  49 999
   2  631 0  4.33  12   2   0   1   2 42.40  11 999  47 999
   2  632 0  4.33  12   2   0   1   2 22.10   9   9  38  42
   2  633 0  4.33  12 999   0   1   2 41.50  11  11  51  51
   2  634 0  4.33  12   2   0   1   2 33.30   5   6  45  44
   2  635 0  4.33  12   2   0   1   2 48.00  11  11  52  55
   2  636 0  4.33  12   2   0   1   2 48.50   6   5  48  53
   2  637 0  4.33  12   3   1   1   2 54.80  10 999  44 999
   2  638 0  4.33  12   2   1   1   2 48.00  10  10  52  53
   2  639 0  4.33  12 999   0   1   1 42.90  10  10  37  48
   2  640 0  4.33  12   2   0   1   2 49.00   6  11  46  52
   2  641 0  4.33  12   3   0   1   2   999   5   6  42  44
   2  642 0  4.33  12 999   1   1   2 47.10  12  12  46  56
   2  643 0  4.33  12   2   0   1   2 40.80   9 999  47 999
   2  961 0  4.33  12 999   0   1   2 50.40  11  12  56  53
   2  962 0  4.33  12   2   1   0   2 47.80  10  11  50  53
   2  963 0  4.33  12   2   1   1   2 53.20  11  12  49  47
   3  316 1 13.48  42   2   0   1   2 35.90   7   9  46  50
   3  317 1 13.48  42   3   1   1   2 10.00   9 999  50 999
   3  318 1 13.48  42   3   0   1   3 48.18   9   9  52  52
   3  319 1 13.48  42   3   1 999   2 54.60  11 999  46 999
   3  320 1 13.48  42   2   1   1   2 47.10  10  11  49  54
   3  321 1 13.48  42   2   0   1   2  6.20   6   7  45  46
   3  322 1 13.48  42   2   0   1   2 44.80   9 999  49 999
   3  323 1 13.48  42   2   1   1   2 51.30   8   9  54  57
   3  324 1 13.48  42   3   0   1   3 56.20  10  10  53  54
   3  325 1 13.48  42   3   1   1   2 34.30   8   9  51  46
   3  326 1 13.48  42   2   0   1   2   999   7   7  42  50
   3  327 1 13.48  42   2   1   1   3 62.80  12   9  48  59
   3  328 1 13.48  42   2   0   0   2 52.00   7   9  49  58
   3  329 1 13.48  42   2   0   1   2   999   9   7  46  43
   3  330 1 13.48  42   1   0   1   1 29.67   5 999  49 999
   3  331 1 13.48  42   2   0   1   2 25.40  10  12  45  48
   3  332 1 13.48  42   2   0   1   2 50.20   7 999  49 999
   3  333 1 13.48  42   3   0   1   2   999   8   9  52  63
   3  334 1 13.48  42   3   0   1   2 42.40   5   9  51  63
   3  335 1 13.48  42   3   1   0   2 46.40   9  10  51  58
   3  336 1 13.48  42   3   0   1   2 53.00   8  10  54  63
   3  337 1 13.48  42   3   0   1   1  6.00   3   6  37  37
   3  338 1 13.48  42   3   1   1   3 58.10  10 999  54 999
   3  339 1 13.48  42 999   0   1   2 53.90  10   9  53  59
   3  340 1 13.48  42   3   0   1   2 45.90   5   6  47  47
   3  341 1 13.48  42   2   0   1   2 43.10   9  12  38  59
   3  342 1 13.48  42   2   1   1   2 56.20   0  10  60  53
   3  343 1 13.48  42   2   1   0   1 51.10   8   9  51  54
   3  344 1 13.48  42   2   1   1   2 46.20   8   8  45  47
   3  345 1 13.48  42   2   1   1   2 36.40   9 999  46 999
   3  346 1 13.48  42   3   1   1   3 50.93   9   9  47  54
   3  347 1 13.48  42   2   0   1   2 25.20   9 999  48 999
   3  348 1 13.48  42   2   1   1   2 45.90  11 999  45 999
   3  349 1 13.48  42   2   1   1   2 38.20   7   7  46  39
   3  350 1 13.48  42   2   0   1   2 45.00   9   9  50  52
   3  351 1 13.48  42   3   0   1   2 38.00   9 999  46 999
   3  352 1 13.48  42   3   1   1   3 76.80  10   9  49  57
   3  353 1 13.48  42   3   1   0   2 50.20   8   3  48  38
   3  354 1 13.48  42   3   1   1   2 48.70   7   7  53  52
   3  355 1 13.48  42 999   1   1   2 42.00   6   8  47  48
   3  356 1 13.48  42   2   1   1   2 40.60  10   9  49  50
   3  357 1 13.48  42   3   0   1   2 49.00   9   9  53  51
   3  469 1 13.48  42   3   1   1   2 39.20   8   9  48  56
   3  470 1 13.48  42   3   0   1   2 48.30   8 999  48 999
   3  471 1 13.48  42   2   1   1   1 12.30   6   8  39  44
   3  472 1 13.48  42   2   1   0   2 49.00   7   8  49  51
   3  473 1 13.48  42   3   1   1   1 34.00   6 999  46 999
   3  474 1 13.48  42   3   0   1   2 51.10   7   6  48  53
   3  475 1 13.48  42   2   1   0   3 47.53   8   9  47  60
   3  476 1 13.48  42   3   1   1   2 49.40   8   9  50  57
   3  477 1 13.48  42   3   0   1   2 49.40   8   9  50  53
   3  478 1 13.48  42   2   1   1   2 22.60   8  10  45  57
   3  955 1 13.48  42   3   0   1   2 40.30   8   8  41  53
   4  272 1  9.16  10   2   0 999   2  5.30   5   7  38  43
   4  273 1  9.16  10   2   0   1   2 34.00  10  10  39  51
   4  274 1  9.16  10   2   0   1   2 54.60  12  10  48  64
   4  275 1  9.16  10   2   1   1   2 43.40   9  10  39  55
   4  276 1  9.16  10   3   0   1   2 38.00   9   9  42  51
   4  277 1  9.16  10   2   0   1   3 59.70  10  10  50  52
   4  278 1  9.16  10   2   0 999   2 35.90   7   9  47  43
   4  279 1  9.16  10   2   1   1   1 57.40   9   9  53  55
   4  280 1  9.16  10   2   0   1   2 52.50  10   9  58  54
   4  281 1  9.16  10   2   0   1   2 56.50  10  11  49  49
   4  594 1  9.16  10   2   0   1   2 47.60  10 999  49 999
   4  595 1  9.16  10   2   0   1   2   999   5   7  53  55
   4  939 1  9.16  10 999   0   1   2 54.60  12   9  48  51
   4  940 1  9.16  10   2   1   1   2 45.50   9   9  46  48
   4  941 1  9.16  10 999   0   1   2 41.70   8   9  47  54
   4  942 1  9.16  10 999   0 999   3 57.40  10  10  52  55
   4  943 1  9.16  10 999   0   1   2 56.20  10   9  53  55
   4  944 1  9.16  10   3   0   1   2 50.90   9   8  47  49
   4  945 1  9.16  10   2   0   1   2 32.72   8   9  40  47
   4  946 1  9.16  10   2   0   1   2 55.50   7   8  46  54
   4  947 1  9.16  10   3   0   1   3 63.70  10  10  55  59
   5  150 1 17.48  40   2   0   1   3 57.20   7  10  49  61
   5  151 1 17.48  40   3   0   1   3 61.10  10  10  49  52
   5  152 1 17.48  40   3   1   1   3 63.20  10   8  56  63
   5  153 1 17.48  40   2   1   1   3 57.60  10   9  46  54
   5  154 1 17.48  40   3   1   1   3 61.40   5   7  50  58
   5  155 1 17.48  40   3   0   1   3 56.00   9  10  56  50
   5  156 1 17.48  40   3   0   1   3 62.30  12 999  61 999
   5  157 1 17.48  40   1   0   0   3 65.10  11  10  52  58
   5  158 1 17.48  40   3   1   1   3 56.50   9  10  54  56
   5  159 1 17.48  40 999   1   1   3 65.60  12 999  57 999
   5  160 1 17.48  40   1   1   1   3 57.60  12  12  60  58
   5  161 1 17.48  40   3   0   1   2 53.40   9   9  43  55
   5  162 1 17.48  40   3   1   0   2 55.50   8   8  51  52
   5  163 1 17.48  40   2   0   1   3 61.80  11  11  52  56
   5  164 1 17.48  40   3   0 999   3 62.80   7   9  54  62
   5  165 1 17.48  40 999   1   1   1 61.60   6   7  50  51
   5  166 1 17.48  40   3   1   1   2 45.50   8  10  47  53
   5  167 1 17.48  40   2   0   1   2 36.40  10   9  46  52
   5  168 1 17.48  40   3   0   1   2 47.10  11  11  54  57
   5  169 1 17.48  40   2   0 999   2 47.30  10   9  38  52
   5  170 1 17.48  40   3   0   0   2 28.40   8   8  44  49
   5  171 1 17.48  40   2   0   1   2 35.40   6   9  40  51
   5  172 1 17.48  40   3   1   0   2 35.70  10   9  51  49
   5  173 1 17.48  40   2   1   1   2 48.50   9   9  47  51
   5  174 1 17.48  40   2   1   1 999 51.80   6   7  46  51
   5  175 1 17.48  40   1   0 999   2   999  12  12  48  53
   5  176 1 17.48  40   3   0   1   2   999   7   9  46  52
   5  177 1 17.48  40   2   1   1   2 46.40  10  10  48  52
   5  178 1 17.48  40   2   0   0   2 39.40   5   6  50  49
   5  179 1 17.48  40   3   1   1   2 37.80   9 999  51 999
   5  180 1 17.48  40   2   1   0   2   999  11  10  46  52
   5  181 1 17.48  40   2   1   1   2 46.20   8 999  48 999
   5  182 1 17.48  40   2   0   1   2 49.90   9  10  49  53
   5  183 1 17.48  40   3   1   1   2 49.40  10  11  48  54
   5  184 1 17.48  40   3   0   0   2 49.20  11  12  52  55
   5  185 1 17.48  40   2   0   1   2 45.00  10  10  47  55
   5  186 1 17.48  40   2   1   0   2 30.50   9 999  39 999
   5  187 1 17.48  40 999   0   1   2 50.20  10  10  48  54
   5  188 1 17.48  40 999   0   1   2 45.20   6 999  47 999
   5  189 1 17.48  40   3   0   1   2 43.60   7   9  43  49
   5  190 1 17.48  40   3   0   1   2 45.20   8 999  46 999
   5  191 1 17.48  40   2   0   1   2 36.40   8 999  50 999
   5  192 1 17.48  40   3   1   1   1 55.30   9  10  54  57
   5  371 1 17.48  40   2   0   1   3 57.20  11  11  43  51
   5  372 1 17.48  40   2   1   1   2 22.80   8   8  48  51
   5  373 1 17.48  40   3   1   1   2 53.40  11  12  51  52
   5  374 1 17.48  40   2   1   1   2 44.50  10  10  48  48
   5  464 1 17.48  40   3   1   1   2 56.70   8 999  54 999
   5  465 1 17.48  40   3   1   1   3 60.00  10  10  50  58
   5  466 1 17.48  40   2   1   1   3 57.34   9  11  52  55
   5  578 1 17.48  40   2   0   1   2 52.50  10  10  52  54
   5  579 1 17.48  40   1   0   1   3 59.50   8  10  52  58
   6  851 0  9.61  77   3   0   1   2 41.50   8   6  43  46
   6  852 0  9.61  77 999   1   1   2 55.50   9 999  52 999
   6  853 0  9.61  77   3   1 999   2 56.70   9  10  57  55
   6  854 0  9.61  77   3   0   1   2 51.80  11  12  55  60
   6  855 0  9.61  77   3   0   1 999 50.20  10 999  58 999
   6  856 0  9.61  77 999   0   1   2 38.70   7   8  45  50
   6  857 0  9.61  77   3   1   1   2 39.40  12   9  44  49
   6  858 0  9.61  77 999   0   1   2 33.30   7   9  42  48
   6  859 0  9.61  77   3   1   1   2   999   9   7  50  43
   6  860 0  9.61  77   3   0   1   2 38.50   8   9  45  55
   6  861 0  9.61  77   3   0   1   2  6.00   9   8  43  39
   6  862 0  9.61  77   3   0   1   2 55.50  10   9  49  56
   6  863 0  9.61  77   1   0   1   2 42.20   3   8  48  45
   6  864 0  9.61  77   2   0   1   2 54.60   9 999  53 999
   6  865 0  9.61  77   3   1   1   2 47.80  10  11  52  55
   6  866 0  9.61  77   3   1   1   2   999   7   9  43  60
   6  867 0  9.61  77   3   1   1   2 49.70  11 999  50 999
   6  868 0  9.61  77   3   0   1   2 51.10   8   9  52  53
   6  869 0  9.61  77   3   0   1   2 52.30   9   9  45  54
   6  870 0  9.61  77   2   1   1   2 55.30   8  10  46  52
   6  871 0  9.61  77   3   1   1   3 59.50  12  10  53  56
   6  872 0  9.61  77   3   1   1   2 35.90   8   9  49  54
   6  873 0  9.61  77   3   1   1   2 43.80   8   6  46  53
   6  874 0  9.61  77   3   1   1   2 51.10   9  10  51  51
   6  875 0  9.61  77   3   0   1   2 46.60   3   6  43  49
   6  876 0  9.61  77   3   0   1   2 45.20   7   6  42  47
   6  877 0  9.61  77   3   1   1   2 49.00   9  12  52  59
   6  878 0  9.61  77   3   1   1   3 57.20   9   9  44  49
   6  879 0  9.61  77   3   0   1   3 61.17   9   6  57  63
   6  880 0  9.61  77   2   1   1   3 68.40  11   9  57  60
   6  881 0  9.61  77   3   1   1   2 46.20   9 999  47 999
   6  882 0  9.61  77   3   1   1   2   999  10  10  48  51
   6  922 0  9.61  77   3   1   1   2 37.50   9  10  46  54
   6  923 0  9.61  77   3   1   1   2 42.70   9   9  43  46
   6  976 0  9.61  77   3   0   1   2 51.60   8   7  46  46
   7  665 0  9.46  57   3   0   1   2   999   7   8  52  53
   7  666 0  9.46  57   3   0   1   2 44.80  10 999  48 999
   7  667 0  9.46  57   2   0   1   2 43.60   8 999  51 999
   7  668 0  9.46  57   2   1   1   2   999  10  10  52  54
   7  669 0  9.46  57   2   0   1   1 37.80   9 999  46 999
   7  670 0  9.46  57   3   0   0   2 45.20   8   9  50  55
   7  672 0  9.46  57   2   1   0   2 44.50   7   9  44  47
   7  673 0  9.46  57   3   1   1   2 45.00  11  11  51  54
   7  674 0  9.46  57   3   1   1   3 43.58  10  10  49  47
   7  675 0  9.46  57   3   0   1   2 44.80   9  12  46  48
   7  676 0  9.46  57   2   0   0   2 39.20   9   9  45  56
   7  677 0  9.46  57   2   0   1   2 47.60  10  11  43  52
   7  678 0  9.46  57   3   0   1   1   999   9   6  54  56
   7  679 0  9.46  57   2   0   1   2 40.60   9  10  47  45
   7  680 0  9.46  57   3   1   1   1 46.40   9   9  52  53
   7  681 0  9.46  57   3   1   0   2 41.50   8   8  49  54
   7  682 0  9.46  57   3   0   0   2 40.80   9  10  46  51
   7  683 0  9.46  57   3   1   1   2 46.90   6 999  50 999
   7  684 0  9.46  57   3   0   1   2 39.60   7   8  44  44
   7  685 0  9.46  57   2   1   1   1 36.40   9  10  43  50
   7  686 0  9.46  57   3   1   1   3 62.44   8   7  49  54
   7  687 0  9.46  57   3   0   1   2 47.10   8   9  39  55
   7  688 0  9.46  57   3   0   1   2 47.30   9 999  43 999
   7  689 0  9.46  57   3   0   1   2 47.60  10  12  47  53
   7  690 0  9.46  57   3   0   1   2 45.70   8   9  49  52
   7  692 0  9.46  57   3   0   1   2   999   9   6  49  52
   7  693 0  9.46  57   3   1   1   1 39.20   8 999  48 999
   7  694 0  9.46  57   3   0   1   2 25.60   7  11  46  56
   7  695 0  9.46  57   3   0   1   2 47.30   9   9  45  56
   7  696 0  9.46  57   2   0   0   2 44.96   6 999  42 999
   7  697 0  9.46  57   3   0   1   2 44.30   8   9  39  51
   7  698 0  9.46  57   3   0   1   2   999  10  10  56  63
   7  930 0  9.46  57   2   1   1   2 42.00   8   8  42  49
   7  980 0  9.46  57   3   1   1   2 48.50   9   9  50  64
   7  981 0  9.46  57   3   0   1   2 26.10  10   9  47  47
   8   60 1   999  47   3   1   0   3 66.72   9 999  58 999
   8   61 1   999  47 999   0   1   2 48.70  12  12  53  51
   8   62 1   999  47   3   0   0   3 63.00  10   9  49  59
   8   63 1   999  47   3   0   1 999 56.20   9  10  53  64
   8   64 1   999  47 999   0   1   3 63.90   8  10  56  60
   8   65 1   999  47   3   1   0   2 55.50   9  12  56  55
   8   66 1   999  47   3   0   0   3 58.80   9   9  55  59
   8  193 1   999  47   3   1   1   1 51.80   6 999  46 999
   8  194 1   999  47   3   0   1   3 65.80   7  10  55  55
   8  195 1   999  47   3   1   0   2 48.50   7   7  49  54
   8  196 1   999  47   3   0   0   2 56.50   9   9  54  59
   8  197 1   999  47   1   1   1   2 49.00   8   9  50  55
   8  198 1   999  47   3   1   1   2 53.90  10  10  55  61
   8  199 1   999  47   3   0   1   3 58.10   9  12  50  54
   8  200 1   999  47   1   1   0   2   999   7   9  46  52
   8  201 1   999  47   3   1   0   2 37.30   9 999  47 999
   8  202 1   999  47   3   1   1   1 18.60   8 999  44 999
   8  203 1   999  47 999   1   1   2 47.60   9 999  52 999
   8  204 1   999  47   3   1   1   2 49.90  10   8  46  53
   8  205 1   999  47 999   1   0   3 59.12   9   9  60  62
   8  206 1   999  47   1   0   1   3 59.28  11  10  58  56
   8  207 1   999  47   1   1   0   2 55.80   8  12  53  55
   8  208 1   999  47   3   0   0   2 54.60   7   9  52  57
   8  209 1   999  47   3   1   1   3 58.30   8   9  61  59
   8  210 1   999  47   2   0   1   3 61.69   9  11  57  54
   8  211 1   999  47   3   1 999   3 56.20   8  10  49  55
   8  212 1   999  47   3   1   0   3 64.60   7   9  50  59
   8  213 1   999  47   3   1   0   2 56.20  11  11  52  59
   8  214 1   999  47   1   0   1   3 64.40   9   9  52  56
   8  215 1   999  47   3   0   1   3 63.20   8 999  50 999
   8  216 1   999  47 999   1   1   3 61.40  12  12  50  59
   8  217 1   999  47   3   1   1   3 60.00  11 999  55 999
   8  218 1   999  47   3   1   0   3 60.40   9  10  58  64
   8  219 1   999  47 999   0   0   3 65.60  10  11  54  63
   8  220 1   999  47   3   0   1   2 44.30  11  11  48  56
   8  221 1   999  47   1   0   0   3 56.20  10 999  53 999
   8  392 1   999  47   3   0   1   2 51.10   7  10  53  55
   8  393 1   999  47   3   0   1   3 57.90  10  12  60  56
   8  394 1   999  47   3   0   0   3 59.30  12  12  53  58
   8  395 1   999  47   2   1   0   2 55.10  10   9  54  53
   8  396 1   999  47   3   1   0   1 55.30   8   8  50  54
   8  397 1   999  47   2   0   1   2   999  11  12  39  57
   8  398 1   999  47   3   1   1   3 53.90  11  10  56  37
   8  849 1   999  47   3   1   1 999 50.40   9   9  51  57
   8  850 1   999  47   1   0   0   3 63.00  12  12  64  60
   9  645 0  8.50  65   3   0   1   3 62.10  11   9  61  51
   9  646 0  8.50  65   3   0   0   1 42.70   7 999  50 999
   9  647 0  8.50  65   3   1   1   1 45.70  10  12  47  50
   9  648 0  8.50  65   3   1   0   2 52.70  11  12  51  60
   9  649 0  8.50  65 999   1   1   2 51.30  12  12  49  38
   9  650 0  8.50  65   2   1   0   2   999   9  10  56  55
   9  651 0  8.50  65   3   1   1   2 50.90  10   9  50  55
   9  652 0  8.50  65   2   0 999   2 49.40  10  10  56  52
   9  653 0  8.50  65   2   0   1   3 55.56   9 999  52 999
   9  654 0  8.50  65   3   1   1   2 46.40  11  11  52  62
   9  655 0  8.50  65   2   1   1   3 56.00   9  10  38  52
   9  656 0  8.50  65   3   1   0   2 52.70  10  10  54  54
   9  657 0  8.50  65   3   1   1   2 54.60   9   9  52  55
   9  658 0  8.50  65   3   1   1   3 61.80  12  11  56  62
   9  659 0  8.50  65   2   1   1   2 50.60  11  10  48  49
   9  660 0  8.50  65   3   0   1   1 54.80   9   9  48  48
   9  661 0  8.50  65   3   1   1   3 57.40   8   9  50  55
   9  662 0  8.50  65   2   0   1   3 57.60  12   8  52  53
   9  663 0  8.50  65   3   0   1   3 61.10  11  12  53  45
   9  664 0  8.50  65 999   1   1   2 57.20  10  10  55  62
  10   30 1 13.12  66   3   0   1   3 62.50   7   9  60  63
  10   31 1 13.12  66   3   0   0   3 57.40   8   8  49  55
  10   32 1 13.12  66   3   1   1   2   999   9   8  55  63
  10   33 1 13.12  66   3   0   1   3 56.50   8 999  53 999
  10  100 1 13.12  66 999   0   0   3 57.90   9   7  53  52
  10  101 1 13.12  66   3   0   1   3 57.40   9   9  52  55
  10  102 1 13.12  66   3   1   1   3 64.90   9   9  61  64
  10  103 1 13.12  66   3   1   1   3 57.40   8  12  56  57
  10  104 1 13.12  66   3   0   1   3 65.10  10  12  53  60
  10  105 1 13.12  66   3   0   0   2 52.00   9   9  48  53
  10  106 1 13.12  66   2   0   1   2 41.50   9  12  48  56
  10  107 1 13.12  66   3   0   0   3 57.20  10  10  59  59
  10  108 1 13.12  66   3   1   1   3 57.20   8 999  50 999
  10  109 1 13.12  66   3   1   1   1 54.80  12   9  54  53
  10  110 1 13.12  66   3   0   1   2 54.40  10 999  54 999
  10  414 1 13.12  66   3   0   1   2 54.40  10  10  56  62
  10  415 1 13.12  66   2   0   1   1 55.80  11  12  51  65
  10  416 1 13.12  66   3   1   1   3 57.60  10 999  52 999
  10  417 1 13.12  66   3   1   0   2 42.00  10 999  39 999
  10  418 1 13.12  66   3   0   1   2 41.30  10  12  45  52
  10  419 1 13.12  66   2   0   1   2 38.90  11  10  52  57
  10  420 1 13.12  66   3   0   1   1 57.90   9   9  39  56
  10  421 1 13.12  66 999   1   1   2   999  10   9  48  54
  10  422 1 13.12  66   3   0   1   3 59.30  11  11  55  59
  10  423 1 13.12  66   2   0   0   2 45.20   9  10  50  57
  10  424 1 13.12  66   3   1   1   3 58.60   9   9  57  63
  10  425 1 13.12  66   3   0   1   2 49.40  10   9  45  56
  10  836 1 13.12  66   3   0   1   2 54.60   9 999  47 999
  10  837 1 13.12  66   3   1   1   3 59.30   8 999  54 999
  11  699 0 12.99  88   3   0   1   2 48.50   9   9  49  57
  11  700 0 12.99  88   3   0   1   2 51.60   4   9  53  55
  11  701 0 12.99  88   3   1   1   2 55.30   9  10  49  55
  11  702 0 12.99  88   3   1   0   2 51.80  10  10  42  48
  11  703 0 12.99  88   3   1   1 999 54.80  12   6  52  63
  11  704 0 12.99  88   3   1   1   2   999   9   9  42  50
  11  705 0 12.99  88   3   0   1   2 51.10  10  10  47  56
  11  706 0 12.99  88   3   0   0   2 51.60   7   6  45  56
  11  707 0 12.99  88 999   0   1   2   999   7  11  50  55
  11  708 0 12.99  88   3   0   0   2 49.20   9  10  43  52
  11  709 0 12.99  88   3   0   1   2 54.40   9 999  51 999
  11  710 0 12.99  88   3   1   1   1 56.20  11  11  48  55
  11  966 0 12.99  88 999   0   1   2 53.90   9   9  54  55
  11  967 0 12.99  88   3   0   1   2 48.70   9  10  54  54
  11  968 0 12.99  88   1   1   1   1 48.30   8   8  48  55
  11  969 0 12.99  88 999   0   1   2 17.40   6   7  43  43
  12  225 1  6.97  66   2   0   1   3 61.80   9   9  55  54
  12  226 1  6.97  66   2   0   1   2   999  10 999  38 999
  12  227 1  6.97  66   3   0   1   3 59.70  10 999  55 999
  12  228 1  6.97  66   2   0   1   2 52.00   9  12  56  52
  12  229 1  6.97  66 999   0   1   3 61.40  11  12  58  54
  12  230 1  6.97  66   2   1   1   2 53.20   9   9  48  47
  12  231 1  6.97  66   3   0   1   3 70.20  11   8  58  52
  12  232 1  6.97  66   2   0   1   2 27.30   6   8  43  43
  12  233 1  6.97  66   2   0   1   2 49.20   5   7  48  46
  12  234 1  6.97  66   2   0   1   2 46.60   8   9  50  49
  12  235 1  6.97  66   2   0   1   3 70.50  11   9  57  55
  12  236 1  6.97  66   2   0   0   3 87.80  10  12  65  59
  12  237 1  6.97  66   2   1   1   3 60.90   8 999  53 999
  12  238 1  6.97  66   2   0   1   2 54.40  11  11  58  54
  12  239 1  6.97  66   2   1 999   3 54.48  10   9  48  51
  12  240 1  6.97  66   3   0   1   2 35.40   8   6  46  54
  12  241 1  6.97  66   2   1   1   2 48.00   7   8  51  52
  12  242 1  6.97  66   2   1   1   2 46.90   9 999  48 999
  12  243 1  6.97  66   2   0   1   2 56.70  10  11  52  51
  12  244 1  6.97  66   2   1   1   1 43.60  10  10  46  52
  12  245 1  6.97  66   2   1   1   2   999  10 999  47 999
  12  246 1  6.97  66 999   0   1   2 50.90   7   8  51  57
  12  247 1  6.97  66   3   0   1   2 43.60  10   9  39  48
  12  248 1  6.97  66   2   0   1   2 54.40  10 999  50 999
  12  249 1  6.97  66   2   0   0   3 61.60  10  10  56  62
  12  250 1  6.97  66   2   0   1   3 64.60  10 999  56 999
  12  251 1  6.97  66   2   0   1   3 64.40   9   9  51  56
  12  252 1  6.97  66   3   1   1   2 44.10   8   8  45  47
  12  924 1  6.97  66   2   0   0   3 57.60  11 999  49 999
  13  358 1  8.16  31   3   0   0   3 60.40  10 999  52 999
  13  359 1  8.16  31   3   0   0 999 58.30   8 999  50 999
  13  360 1  8.16  31   3   1   0   2 49.00  10 999  51 999
  13  361 1  8.16  31   3   0   0   2 45.20  10  11  44  51
  13  362 1  8.16  31   3   0   0   1 61.60   9   9  55  58
  13  363 1  8.16  31   1   1   0   2   999  11  12  50  59
  13  364 1  8.16  31   3   0   1   3 58.60  11   7  55  57
  13  365 1  8.16  31   3   0   0   3 57.60   9  11  46  63
  13  366 1  8.16  31   3   1   0   3 56.00   8 999  53 999
  13  367 1  8.16  31   3   0 999   3 57.60   9  11  51  59
  13  368 1  8.16  31   3   0   0   2 51.60   9  10  42  64
  13  369 1  8.16  31   3   1   0   2 49.90   4 999  47 999
  13  671 1  8.16  31   3   1   1   2 50.60   9   9  43  59
  13  711 1  8.16  31   3   0   0   2   999   9 999  52 999
  13  712 1  8.16  31   3   1 999 999 57.60   7  12  54  51
  13  713 1  8.16  31   3   1   0   3 62.80   9 999  65 999
  13  714 1  8.16  31   3   1   0   3 62.50   9  10  49  59
  13  715 1  8.16  31   3   1   0   3 62.25   9  12  48  59
  13  716 1  8.16  31 999   1   0   2 53.20   9   9  47  59
  13  717 1  8.16  31   2   0   1   2   999   9   8  51  54
  13  718 1  8.16  31   1   0   0   2 54.40   7  10  43  52
  13  719 1  8.16  31   1   1   1   2 53.00   8   9  51  55
  13  720 1  8.16  31   3   1   1   2 35.00   5   9  50  56
  13  721 1  8.16  31   3   1   0   2 45.00   8  11  50  57
  13  722 1  8.16  31 999   0   0   2 45.90  11  10  42  52
  13  723 1  8.16  31   3   1   0   2   999  11  10  53  65
  13  724 1  8.16  31   3   1   0   2 36.10   8   8  43  46
  13  725 1  8.16  31   3   1   1   2 42.70   7  11  48  58
  13  726 1  8.16  31   3   0   1   3 47.24   9 999  54 999
  13  727 1  8.16  31 999   0   1   2 49.90  10 999  53 999
  13  728 1  8.16  31   3   0   0   3 60.40  10   8  60  63
  13  729 1  8.16  31 999   1   1   1 32.71   7   9  39  54
  13  730 1  8.16  31   3   0   0   2 54.80  10  11  57  55
  13  731 1  8.16  31   3   0   1   3 64.40  10  10  53  59
  13  732 1  8.16  31   3   0 999   2 42.00   7   9  46  43
  13  733 1  8.16  31   3   0   0   2 56.20   9 999  51 999
  13  734 1  8.16  31 999   1   0   1 34.50   9  10  48  46
  13  735 1  8.16  31   2   0   1   2   999   9  12  54  63
  13  736 1  8.16  31   3   0   1   2 53.00  11  12  56  63
  13  737 1  8.16  31   3   0   0   2 49.70  10  10  53  60
  13  738 1  8.16  31   3   0   0   2   999  10   9  43  64
  13  739 1  8.16  31   1   0   1   2 47.80   8  10  50  57
  13  740 1  8.16  31   3   1   1   1 55.30   7   9  47  53
  13  741 1  8.16  31   3   1   0   2 39.60  12   9  42  52
  13  742 1  8.16  31   3   1   0   2 53.70  12 999  43 999
  13  743 1  8.16  31   3   0   1   2 41.50  12 999  52 999
  13  744 1  8.16  31   3   0   0   3 60.40   8  12  52  56
  13  745 1  8.16  31   3   1   0   2 45.00   9   8  45  56
  13  896 1  8.16  31   1   1   1   2 51.80   9   9  46  53
  13  897 1  8.16  31   3   1   1   3 61.80  11  12  55  63
  13  925 1  8.16  31   3   1   0   3 64.40  11  12  53  64
  13  927 1  8.16  31   3   0   1   2 43.80   7   7  43  54
  13  928 1  8.16  31   2   1   0   3 61.10   9  11  52  50
  13  929 1  8.16  31   3   0   1   2 50.20   8 999  42 999
  13  970 1  8.16  31   3   1   0   3 63.50  10 999  50 999
  14   34 1  7.57  59   2   1   1   2 49.00   8   9  48  53
  14   35 1  7.57  59   3   1   1   2 39.90   7   9  52  55
  14   36 1  7.57  59   3   1   1   2 49.00  10   9  49  54
  14   37 1  7.57  59   3   0   1   2   999   5 999  48 999
  14   38 1  7.57  59   3   1   1   3 59.44  10  12  58  64
  14   39 1  7.57  59   3   0   1   2 47.30   6 999  55 999
  14   40 1  7.57  59   3   1   1   1 63.20  10  10  51  58
  14   41 1  7.57  59   2   0   0   2 40.30  10 999  42 999
  14  222 1  7.57  59   3   1   1   2   999  10  12  49  58
  14  223 1  7.57  59   3   1   1   3 58.30   9  10  54  62
  14  224 1  7.57  59   3   1   0   2 54.10   7   9  50  64
  14  370 1  7.57  59   3   0   1   3 49.81   8 999  48 999
  14  375 1  7.57  59   3   0 999   2 51.10  10 999  52 999
  14  376 1  7.57  59   3   0   1   2 53.40   6   9  46  47
  14  377 1  7.57  59   3   0   1   2 41.70   9  11  47  54
  14  378 1  7.57  59   3   0   1   3 62.10   9 999  48 999
  14  379 1  7.57  59   1   0   1   3 63.70   9   9  54  56
  14  380 1  7.57  59   3   1   1   2 50.20   9   9  53  63
  14  381 1  7.57  59   3   1   1   2 48.00   8 999  43 999
  14  382 1  7.57  59   3   0   1   2 51.60   9   9  50  60
  14  383 1  7.57  59   3   0   1   2 56.50   7  11  44  54
  14  384 1  7.57  59   3   1   1   2 55.50   3   9  39  59
  14  385 1  7.57  59   3   0   1   2 58.10   9  12  51  53
  14  386 1  7.57  59   2   1   1   1 46.40   9   7  50  46
  14  387 1  7.57  59   3   0 999   2 24.20   8  11  38  53
  14  388 1  7.57  59   3   0   1   1   999   8   9  46  57
  14  389 1  7.57  59   3   0 999   2 44.10  11   9  44  63
  14  390 1  7.57  59   3   1   1   2 38.20  10   9  42  59
  14  391 1  7.57  59   3   1   1   2 44.30   8   9  48  53
  14  691 1  7.57  59   3   1   1   2 42.40   8 999  48 999
  14  746 1  7.57  59   3   1   1   2 54.60   9  11  52  64
  14  747 1  7.57  59   3   1   1   2 45.00   9   9  47  49
  14  748 1  7.57  59   3   0   1   1 44.30   8   9  48  55
  14  971 1  7.57  59   3   1   1   2 53.70   7 999  52 999
  15  749 0  5.12  62   2   0   1   2 34.50  10   9  50  55
  15  750 0  5.12  62   3   1 999   3 72.30   9   9  58  61
  15  751 0  5.12  62 999   0   1   2   999   8   9  47  49
  15  752 0  5.12  62   3   0   1   2 47.30   9  11  48  53
  15  753 0  5.12  62   3   0   1   2 37.80  10   9  38  42
  15  754 0  5.12  62   2   0   1   2   999   9  10  48  49
  15  755 0  5.12  62   3   1   1   2 51.10   7   7  46  55
  15  756 0  5.12  62   3   0   1   2 49.20   9  12  48  53
  15  757 0  5.12  62   3   0   0   2 55.30   8   9  56  61
  15  758 0  5.12  62   2   0   1   2 47.13   9   9  56  54
  15  759 0  5.12  62 999   1   1   2 40.10  10  10  48  54
  15  760 0  5.12  62   3   0   1   2 51.80   3   7  51  47
  15  761 0  5.12  62   3   0   1   2 51.30  10 999  52 999
  15  762 0  5.12  62   2   1   1   2   999  12  10  52  56
  15  763 0  5.12  62   3   1   1   2 47.80  11 999  49 999
  15  764 0  5.12  62   2   0   1   2 54.80   9   9  42  52
  15  765 0  5.12  62   2   1   1   2 34.30   9 999  43 999
  15  766 0  5.12  62   3   0   1   2 24.00   8   8  46  51
  15  767 0  5.12  62   3   1   0   3 58.80   9   9  50  53
  15  768 0  5.12  62   3   1   1   2 43.80  12 999  50 999
  15  769 0  5.12  62   1   0   1   2 42.00   9   9  50  53
  15  770 0  5.12  62   3   1   1   2 49.40   9   9  50  59
  15  771 0  5.12  62   3   1   0   2 41.70  11  12  42  53
  15  772 0  5.12  62   2   0   1   2 50.20  10  12  45  51
  15  838 0  5.12  62   3   1   1   2 51.80  11  12  57  55
  15  839 0  5.12  62 999   1   1   2 53.00   7   7  49  52
  15  840 0  5.12  62   3   1   0   3 60.40  11  10  51  52
  15  841 0  5.12  62   3   1   1   2 44.50  12  12  54  64
  15  842 0  5.12  62   2   0   1   2 37.50   9   9  52  46
  15  843 0  5.12  62   3   0   1   2 32.20   3   3  46  46
  15  844 0  5.12  62   3   0   1   2 41.00   9   9  48  43
  15  845 0  5.12  62   2   0   1   2 47.80  11   8  49  49
  15  846 0  5.12  62 999   0   1   2 49.70   9   9  51  55
  15  847 0  5.12  62   3   1   1   2 45.00  12  10  46  49
  15  972 0  5.12  62   3   1   1   2 49.00  11   9  43  55
  15  973 0  5.12  62   3   1   0   2 56.50  11   9  43  58
  15  982 0  5.12  62   2   1   0   2 52.30   9  10  44  46
  16  305 1  6.86  52   1   1   1   3 62.60  10  12  54  59
  16  306 1  6.86  52   2   1   0   2 55.30  10   9  49  61
  16  307 1  6.86  52   3   0   1   2 50.40   6   8  60  59
  16  308 1  6.86  52 999   0   1   2 52.30  12 999  59 999
  16  309 1  6.86  52   3   0   0   2 45.70   9 999  53 999
  16  310 1  6.86  52   3   0   1 999 47.30   9 999  54 999
  16  311 1  6.86  52   3   0   0   2 44.10  10  10  61  61
  16  312 1  6.86  52   2   0   0   2 54.40  12 999  48 999
  16  313 1  6.86  52   3   0   1   2 43.80   8 999  43 999
  16  314 1  6.86  52   3   1   1   2 51.80   9   9  51  58
  16  315 1  6.86  52 999   0   1   2 47.80  10  11  51  59
  16  403 1  6.86  52   2   0   1   2 51.30  10   8  51  54
  16  404 1  6.86  52   3   0   1   1  6.50   7   7  39  47
  16  405 1  6.86  52   3   1   0   2 53.70   8   8  45  64
  16  406 1  6.86  52 999   0   1   2 43.80   7   7  43  50
  16  407 1  6.86  52   1   0   1   1 51.10   8   9  55  57
  16  408 1  6.86  52   3   1   1   1 53.00   8  10  46  50
  16  409 1  6.86  52   3   0   1   2 42.20   7  10  51  54
  16  410 1  6.86  52 999   0   1   3 68.60   9  11  58  64
  16  411 1  6.86  52   3   1   1   2   999   8 999  52 999
  16  412 1  6.86  52   2   0   1   2 51.80   6 999  46 999
  16  413 1  6.86  52   3   0   1   2 50.40  12  12  49  55
  16  644 1  6.86  52   3   0   1   2 39.40   6   7  51  42
  17    1 1 12.98  30   2   1   1   1 50.90  10 999  51 999
  17    2 1 12.98  30   3   0   1   2 47.80   7   9  51  62
  17    3 1 12.98  30   3   1   1   1 54.60   9  10  58  57
  17    4 1 12.98  30   2   1   0   3 62.30   9  10  56  61
  17    5 1 12.98  30   2   0   1   2 44.80  11 999  48 999
  17    6 1 12.98  30   3   0 999   2 38.70   8   8  55  52
  17    7 1 12.98  30   2   1   1   3 64.20  10  12  52  45
  17    8 1 12.98  30   3   1   1   2 47.60   8   8  45  59
  17    9 1 12.98  30 999   0   1   3 58.60  10  11  53  59
  17   10 1 12.98  30   2   0   1   2 55.50   9 999  54 999
  17   11 1 12.98  30   2   0   1   2 46.60  12  10  52  55
  17   12 1 12.98  30   1   1   0   1 63.70  11  12  54  59
  17   13 1 12.98  30   1   1   0   2 44.80  10   9  51  58
  17   14 1 12.98  30   1   0   0   2 54.60   7  10  48  59
  17   15 1 12.98  30   1   0   0   1 35.00   9   6  48  56
  17   16 1 12.98  30   3   0   1   2 52.00   9  10  42  58
  17   17 1 12.98  30   3   0   0   2 54.10   7 999  53 999
  17   18 1 12.98  30   3   1   1   3 56.90   6   9  55  63
  17   19 1 12.98  30   3   1   1   2 55.50   9  12  49  55
  17   20 1 12.98  30   1   1   0   2 53.00   5   8  47  49
  17   48 1 12.98  30   3   0   1 999 55.27  11 999  55 999
  17   49 1 12.98  30   3   1   0   1 52.23  11  12  56  54
  17   50 1 12.98  30   3   0   0   2 43.40  10  12  51  58
  17   51 1 12.98  30   2   0   1   2   999  10  10  50  55
  17   52 1 12.98  30   1   0   0   3 61.80  10  12  52  59
  17   53 1 12.98  30   3   0   0   3 60.70   9  10  46  59
  17   54 1 12.98  30 999   0   1   1 42.20  10   9  42  51
  17   55 1 12.98  30   1   1   0   1 62.30  10  10  55  60
  17   56 1 12.98  30   2   0   1   2 56.00  11  11  56  62
  17   57 1 12.98  30   3   1   0   1 52.30   7   9  50  46
  17   58 1 12.98  30 999   0   1   3 62.50  10   9  57  62
  17   59 1 12.98  30   2   0   0   2 39.60   9 999  47 999
  17  926 1 12.98  30   3   1 999   2 41.00  10   9  44  49
  18  282 1  8.70  36   2   0   1   2 30.80   9  11  47  56
  18  283 1  8.70  36   3   0   0   1 44.80   9 999  49 999
  18  284 1  8.70  36   2   0   1   2 44.50   8 999  49 999
  18  285 1  8.70  36   2   0   1   3 58.30  11  10  49  54
  18  286 1  8.70  36   2   0   1   2 44.10   8  10  45  48
  18  287 1  8.70  36   3   0   1   2 46.20   9   9  49  58
  18  288 1  8.70  36   2   0   1   2 48.70   9   3  46  37
  18  289 1  8.70  36   3   1   1   2 45.90  10 999  52 999
  18  290 1  8.70  36   3   0   1   2 51.10   7   6  49  62
  18  291 1  8.70  36   3   0   1   2   999   9 999  54 999
  18  292 1  8.70  36   3   0   1   3 57.90  12  12  57  54
  18  293 1  8.70  36   2   0   1   2 53.40  11 999  53 999
  18  294 1  8.70  36   3   1   0   2 53.90  11  10  54  59
  18  295 1  8.70  36 999   0 999   2 52.00   7 999  52 999
  18  296 1  8.70  36   3   1   1   3 54.79   9   9  54  54
  18  297 1  8.70  36 999   0   1   2 47.30  12  12  51  56
  18  298 1  8.70  36 999   1   1   2 48.70  10  11  48  63
  18  299 1  8.70  36 999   0   1   3 62.50   9  10  52  63
  18  300 1  8.70  36   2   0   1   2 49.00  10 999  49 999
  18  301 1  8.70  36   2   0   1   3 50.67   9   9  46  54
  18  302 1  8.70  36   2   0   1   2 35.20   6   9  44  43
  18  303 1  8.70  36   2   1 999   2 52.00  11  12  52  60
  18  304 1  8.70  36   3   1   1   2 48.00   7   6  53  56
  18  467 1  8.70  36   2   0   1   3 61.80  12  12  58  63
  18  468 1  8.70  36   3   1   1   2 57.20   9   9  57  54
  18  580 1  8.70  36   3   0   1   3 56.90   9   9  56  60
  18  581 1  8.70  36   3   0   1   1 41.00   6  12  46  52
  18  958 1  8.70  36   2   0   1   2 56.70   8   9  47  55
  19  773 0  8.15  70   3   1   1   2 52.30   8 999  44 999
  19  774 0  8.15  70   3   1   1   2 50.90   9   9  52  55
  19  775 0  8.15  70   3   0   1   3 59.00   6 999  42 999
  19  776 0  8.15  70   3   0   1   3 63.50  12  11  55  51
  19  777 0  8.15  70   3   1   1   2 49.70   9 999  45 999
  19  778 0  8.15  70   3   0   1   2 54.60   9   9  57  51
  19  779 0  8.15  70   3   1   1   2 36.60   9 999  49 999
  19  780 0  8.15  70   3   0   1   2 54.60  10   9  56  47
  19  781 0  8.15  70   3   0   1   2 54.40   8   9  52  53
  19  782 0  8.15  70   3   0   0   2 53.90  10  11  50  55
  19  783 0  8.15  70   3   1   0   2   999   9   9  59  58
  19  784 0  8.15  70   3   0   1   3 60.90  12  12  58  64
  19  785 0  8.15  70   3   1   1   3 65.60  11 999  65 999
  19  786 0  8.15  70   3   1   0   1 57.60  12 999  60 999
  19  787 0  8.15  70   3   1   0   3 67.70  12  12  56  60
  19  788 0  8.15  70   1   1   1   2 56.00   7   6  55  63
  19  789 0  8.15  70   1   1   1   2   999   8 999  53 999
  19  790 0  8.15  70   3   1   1   1 61.60   9   9  54  54
  19  791 0  8.15  70   3   0   1   2 29.60  10   9  45  51
  19  792 0  8.15  70   3   0   0   2 52.00   8   8  52  56
  19  793 0  8.15  70   3   0   1   2 40.80   5 999  53 999
  19  794 0  8.15  70   3   1   0   2 38.90   7 999  46 999
  19  795 0  8.15  70   3   0   1 999 56.20   9   9  56  50
  19  796 0  8.15  70   3   1   0   2 54.40  10 999  55 999
  19  797 0  8.15  70   3   1   1   2 46.60  10 999  46 999
  19  798 0  8.15  70   3   1   1   1 46.40   8   9  43  60
  19  974 0  8.15  70   3   0   1   2 42.40   8   8  49  45
  20   93 1  8.69  74   3   0   1   2 42.00  11  12  53  63
  20   94 1  8.69  74   3   0   1   2   999  10  10  53  63
  20   95 1  8.69  74   3   1   1   2 51.10   9  11  54  63
  20   96 1  8.69  74   3   1   1   2 41.70   8  10  50  57
  20   97 1  8.69  74   3   0   1   2 51.60  10   9  57  55
  20   98 1  8.69  74   3   1   1   2 47.30  10  10  53  55
  20   99 1  8.69  74 999   1   1   2 40.60   8  10  49  63
  20  430 1  8.69  74   3   1   1   1 45.70   7   6  43  59
  20  431 1  8.69  74   3   0   1 999 55.80  11  10  52  60
  20  432 1  8.69  74 999   1   1   3 58.60  10 999  56 999
  20  433 1  8.69  74   3   0   1   3 58.60   9  10  57  64
  20  434 1  8.69  74   3   0   1   3 64.20   9   9  50  64
  20  435 1  8.69  74 999   1   1   3 60.20  11  12  55  53
  20  436 1  8.69  74   3   0   1   3 57.60  10   9  52  63
  20  437 1  8.69  74   3   0   1   2 55.10  11 999  49 999
  20  438 1  8.69  74   3   0   1   2 52.30   9 999  48 999
  20  439 1  8.69  74   3   1   0   2 40.60   5   3  49  63
  20  440 1  8.69  74   3   0   1   2 37.30   9 999  50 999
  20  441 1  8.69  74 999   1   1   2 42.70   5 999  42 999
  20  442 1  8.69  74   3   0   0   2 47.60  12  12  48  56
  20  443 1  8.69  74   3   1   1   3 56.70  10  10  55  60
  20  444 1  8.69  74 999   0   1   2 43.80   9  11  51  56
  20  445 1  8.69  74   3   0 999   3 58.10   8   8  58  64
  20  446 1  8.69  74   3   0   1   3 59.70  12  10  49  58
  20  447 1  8.69  74   1   0   1   3 57.69  12  12  57  62
  20  448 1  8.69  74   3   1   1   2 47.80   8  11  43  60
  20  449 1  8.69  74   3   0   0   2 43.10   9 999  52 999
  20  450 1  8.69  74   3   0   1   3 61.80   7   9  53  57
  20  451 1  8.69  74 999   0   1   3 59.30   9  10  50  56
  20  452 1  8.69  74   3   1   1   2 53.70   8  10  53  59
  20  453 1  8.69  74   3   0   1   2 53.70  11  12  58  63
  20  454 1  8.69  74   3   1   1   3 59.23  10  10  60  63
  20  455 1  8.69  74   3   0   1   2 55.10   7   9  53  59
  20  456 1  8.69  74   3   1   1   3 59.30   8 999  54 999
  20  457 1  8.69  74   3   1   1   3 59.50  10  10  61  64
  20  458 1  8.69  74 999   0   1   2 56.20   9 999  54 999
  20  459 1  8.69  74   3   0   0   2 45.20   4  11  48  63
  20  460 1  8.69  74   3   1   1   1 64.20   9   9  58  63
  20  461 1  8.69  74   3   0   1   2 39.60   8   8  46  47
  20  462 1  8.69  74   3   1   1   2 38.20  10  11  48  59
  20  463 1  8.69  74   3   1   1   2 56.20  10 999  46 999
  20  479 1  8.69  74   3   0 999   2 51.30   9 999  50 999
  20  480 1  8.69  74   3   1   1   3 71.90  10  12  54  59
  20  481 1  8.69  74   3   0   1   2   999   9   9  58  64
  20  482 1  8.69  74   3   0   0   2 37.30  10 999  48 999
  20  483 1  8.69  74   3   0   1   2   999   6   9  43  60
  20  484 1  8.69  74   3   0   1   1 50.20   9   9  48  57
  20  524 1  8.69  74   3   0   0   2 55.80   7 999  52 999
  20  525 1  8.69  74   3   1   1   3 62.50  10  10  55  64
  20  526 1  8.69  74   3   1   1   3 59.30  12  10  57  64
  20  527 1  8.69  74   3   1   1   3 55.18  10 999  56 999
  20  528 1  8.69  74   3   0   1   2 38.20   7  10  46  50
  20  529 1  8.69  74   3   1   1   3 61.40  12   9  60  59
  20  820 1  8.69  74   3   1   1   2 53.20  11 999  54 999
  20  932 1  8.69  74   3   1   1   3 58.60   8   8  51  63
  20  933 1  8.69  74   3   0   1   2 56.90   7   6  53  55
  20  934 1  8.69  74   3   0   1   2 55.10   9  11  49  64
  20  935 1  8.69  74   3   1   0   2 50.20  11 999  44 999
  20  936 1  8.69  74   3   0   1   2 49.70   9  10  48  59
  20  937 1  8.69  74   3   1   1   2   999   9   9  47  54
  20  975 1  8.69  74   3   0   1   2 56.50  11 999  57 999
  21  883 0   999 100   3   1   1   2 53.70   9  12  50  52
  21  884 0   999 100   3   1   1 999   999   9 999  46 999
  21  885 0   999 100   3   1   1   2 54.40   9   8  50  51
  21  886 0   999 100 999   0   1 999 55.50  11  10  61  57
  21  887 0   999 100   3   1   1   3 62.10   9   6  42  54
  21  888 0   999 100   3   1   1   2 52.50   8   8  51  42
  21  889 0   999 100   2   0   1   2 49.90   8   9  45  49
  21  890 0   999 100   3   0   1   2 49.40   8   9  50  55
  21  891 0   999 100   3   1   1   2   999   9   9  50  56
  21  892 0   999 100   3   1   1   2 54.10   9 999  38 999
  21  893 0   999 100   3   0   1   2 52.50   6   5  48  52
  21  894 0   999 100   3   1   1   2 53.40   9   9  44  43
  21  895 0   999 100   3   1   1   2 54.60   7   9  50  42
  21  953 0   999 100   3   0   0   2 56.50  10   9  50  56
  21  954 0   999 100   3   0   1   2 52.50  10  10  55  54
  21  979 0   999 100   3   1   1   2 52.50  11  12  52  46
  22  499 0  6.03  67   1   1   0   2 56.00  10 999  48 999
  22  500 0  6.03  67   3   1 999   2   999  10   9  48  49
  22  501 0  6.03  67 999   0   1   3 67.40  10   9  56  62
  22  502 0  6.03  67   3   0   1   2 45.00  10   9  50  55
  22  503 0  6.03  67   3   0   1   2 54.80  10  11  56  60
  22  504 0  6.03  67   3   0   0   2 56.68   7 999  53 999
  22  505 0  6.03  67   3   1   1   2 49.40  10  11  58  53
  22  506 0  6.03  67   3   0   1   3 70.20   9   9  54  59
  22  507 0  6.03  67   3   0   1   3 58.30   9 999  57 999
  22  508 0  6.03  67   3   1   1   3 60.20   8  10  56  60
  22  509 0  6.03  67   3   0   1   3 64.90   9  10  61  60
  22  510 0  6.03  67   1   0   0   3 68.40   8   8  50  56
  22  511 0  6.03  67   3   0   1   3 70.20   9  10  60  60
  22  512 0  6.03  67   3   0   1   1 49.90  10  11  52  60
  22  513 0  6.03  67   3   0 999   3 65.60  10  11  54  56
  22  514 0  6.03  67   3   1   0   3 70.90   8   8  57  59
  22  515 0  6.03  67   2   1   1   3 56.70   9   9  50  61
  22  516 0  6.03  67   3   1   1   3 70.50   9   9  49  57
  22  517 0  6.03  67   3   0   0   3 65.14   9   9  55  60
  22  518 0  6.03  67   3   1   1   3 69.30   9 999  51 999
  22  519 0  6.03  67   3   1   1   3 65.30  10   9  56  56
  22  520 0  6.03  67   3   1   1   3 60.00   9   9  52  59
  22  521 0  6.03  67 999   1   1   3 63.90   9   9  57  57
  22  522 0  6.03  67   3   0   1   2 40.60  10   9  44  46
  22  523 0  6.03  67   3   0   1   3 63.90   8 999  58 999
  22  898 0  6.03  67   3   0   1   3 64.40   7   9  53  55
  22  899 0  6.03  67   3   1   1   3 75.40   9   9  54  57
  22  900 0  6.03  67   3   1   1   3 64.40   9   9  66  51
  22  901 0  6.03  67   3   1 999   3 63.50  10   9  52  60
  22  902 0  6.03  67   3   0   1   3 59.50  10  11  52  55
  22  903 0  6.03  67   3   1   0   3 66.70   8  10  53  54
  22  904 0  6.03  67   3   1   1   3 58.30   7   6  55  63
  22  905 0  6.03  67   3   0   1   3 77.20  11 999  55 999
  22  906 0  6.03  67   3   0   1   2 52.30  10   9  53  60
  22  907 0  6.03  67 999   1   0 999 67.20  11  12  57  61
  22  908 0  6.03  67   3   1   1   3 67.20   9   9  55  60
  22  909 0  6.03  67   3   1   1   3 68.40  11 999  65 999
  22  910 0  6.03  67   3   0   1   2 32.40   9   8  45  50
  22  911 0  6.03  67   3   1   1   2 56.20   9  12  53  58
  22  912 0  6.03  67   3   0   1   3 61.60  10  11  54  55
  22  913 0  6.03  67   2   0   1   3 59.00   9 999  53 999
  22  914 0  6.03  67   2   1   1   3 61.60  11 999  61 999
  22  915 0  6.03  67   3   0   1   3 65.80   9  11  59  62
  22  916 0  6.03  67   3   0   1   3 68.80  11  11  57  63
  22  917 0  6.03  67   3   0   1   3 60.70  10  12  55  55
  22  918 0  6.03  67   2   1   1   2 55.30   9 999  55 999
  22  919 0  6.03  67   3   1   1   2 52.30   9 999  51 999
  22  965 0  6.03  67   1   0   0   3 68.80  10   9  58  63
  23   67 1 11.39  32   3   1   0   3 58.10  11  11  52  55
  23   68 1 11.39  32 999   0   0   2 53.40   7  11  58  56
  23   69 1 11.39  32   2   1   1   2 45.50   9 999  46 999
  23   70 1 11.39  32   2   0   1   2 44.30   8   9  49  49
  23   71 1 11.39  32   3   0   1   2 52.70  10 999  43 999
  23   72 1 11.39  32   3   0   0   2 54.60   8   9  47  60
  23   73 1 11.39  32   3   0   0   2   999   8  10  44  57
  23   74 1 11.39  32 999   0   1   2 51.80   8  10  51  60
  23   75 1 11.39  32   3   1   1   2 56.20   9  11  51  56
  23   76 1 11.39  32   2   1   1   2 54.10   8   9  52  62
  23   77 1 11.39  32   3   0 999   2   999   8   9  52  53
  23   78 1 11.39  32   3   0   1   2 47.60   8  11  47  49
  23   79 1 11.39  32   3   1   1   2 52.50   8  12  54  59
  23   80 1 11.39  32   2   0   1   2 55.10   9  12  55  60
  23   81 1 11.39  32   3   0   0   2 47.60   8   9  42  63
  23   82 1 11.39  32 999   0   1   2 50.90   7   7  53  54
  23   83 1 11.39  32   3   0   0   2   999  10 999  49 999
  23   84 1 11.39  32   3   0   1   2 56.50   9  10  52  50
  23   85 1 11.39  32   3   0   0   2 45.70   9   8  50  57
  23   86 1 11.39  32   3   0   1   2 38.50   8   8  42  52
  23   87 1 11.39  32   3   0   1   2 54.10   9 999  52 999
  23   88 1 11.39  32   3   0   1   2   999   8  12  51  57
  23   89 1 11.39  32   3   0 999   3 58.10   8  10  55  60
  23   90 1 11.39  32 999   1   1   3 57.90   8 999  58 999
  23   91 1 11.39  32   3   1   1   3 56.20  10  10  58  59
  23   92 1 11.39  32   1   0   1   1 34.00   8  10  46  57
  23  253 1 11.39  32   2   1   0   2 52.00   8  10  53  58
  23  254 1 11.39  32   3   0   1   3 61.40   9   9  57  62
  23  255 1 11.39  32   2   1   1   2 47.60  11  11  58  57
  23  256 1 11.39  32   1   0   0   2 48.50   9   9  42  54
  23  257 1 11.39  32   3   1   1   2 53.00   8  11  51  65
  23  399 1 11.39  32   3   1   0   3 61.80   8 999  51 999
  23  400 1 11.39  32   2   1   0   2 39.20   7  10  55  48
  23  401 1 11.39  32   3   1   1   1 49.00   9   9  55  58
  23  402 1 11.39  32   3   0   0   1 55.50   7  10  52  55
  23  848 1 11.39  32   3   0   1   2 53.70   8  11  51  57
  23  952 1 11.39  32   3   1   0   3 57.60  11   9  48  55
  24   42 1  6.68  62   2   0   1   2 45.70   8   9  48  52
  24   43 1  6.68  62   3   0   1   2 46.60  11 999  46 999
  24   44 1  6.68  62   2   0   1   2 39.20  11 999  47 999
  24   45 1  6.68  62   3   0   0   2 43.40   9  10  43  50
  24   46 1  6.68  62   2   1   1   3 65.80  11   0  57  60
  24   47 1  6.68  62   2   0 999   2 46.90   6 999  53 999
  24  269 1  6.68  62   2   0   1 999   999   9   9  42  43
  24  270 1  6.68  62   2   0   1   2   999   9  10  49  52
  24  271 1  6.68  62   2   0   0 999 56.50  10  10  46  52
  24  948 1  6.68  62   2   0   1   2 45.00  10  11  53  57
  24  949 1  6.68  62   2   0   1   3 56.90  10  11  53  50
  24  950 1  6.68  62   2   0   1   2 47.10   7   9  56  55
  24  951 1  6.68  62   2   0   1   2 51.30   7   8  47  48
  25  799 0 24.60  79 999   0   1   2 53.70   9  11  49  63
  25  800 0 24.60  79   3   0   0   3 57.90   9  10  48  53
  25  801 0 24.60  79   3   1   0   3 68.60   9 999  54 999
  25  802 0 24.60  79   3   1   1   3 58.60  10 999  52 999
  25  803 0 24.60  79   3   0   1   3 58.80   9  10  55  57
  25  804 0 24.60  79   3   0   1   2 53.70  12 999  49 999
  25  805 0 24.60  79   3   0   0   2 52.70   9   9  50  51
  25  806 0 24.60  79   3   0   1   3 63.00   9   7  48  57
  25  807 0 24.60  79   3   0   1   2 40.10  10   9  47  49
  25  808 0 24.60  79   3   0 999   2   999   6 999  43 999
  25  809 0 24.60  79   3   1 999   3 60.40  10 999  58 999
  25  810 0 24.60  79   3   1   1   3 63.00   8 999  56 999
  25  811 0 24.60  79   3   1   0   3 63.50  10  11  50  56
  25  812 0 24.60  79   3   0   1   3 59.30  10 999  50 999
  25  813 0 24.60  79   3   1   1   2 51.80  11   9  53  58
  25  814 0 24.60  79   3   1   0   3 58.10   9   9  51  56
  25  815 0 24.60  79   3   0   0   3 56.90   7   9  52  45
  25  816 0 24.60  79   3   1   1   3 63.50  11  11  52  56
  25  817 0 24.60  79   2   0   1   2 45.50   7   9  38  53
  25  818 0 24.60  79   3   0   0   3 60.90   9   9  55  65
  25  819 0 24.60  79   3   1   1   2 35.20   8 999  39 999
  25  938 0 24.60  79   3   0   0   2 55.50   9   9  61  59
  25  977 0 24.60  79   3   1   0 999 54.60   8 999  57 999
  25  978 0 24.60  79   3   1   0   3 59.70  10   9  54  59
  26   21 1   999  82   3   0   1   2 54.60   7 999  48 999
  26   22 1   999  82   3   1   1   1 43.10   7   6  43  38
  26   23 1   999  82   3   1   1   1 35.20   8  12  50  49
  26   24 1   999  82   3   1   1   2 48.70   9   9  43  53
  26   25 1   999  82   3   0   1   2 49.00   8   9  38  53
  26   26 1   999  82   3   0   1   2 45.70   9   9  43  49
  26   27 1   999  82   3   0   1   2 55.10   7   7  46  64
  26   28 1   999  82   3   0   1   2 42.00  10  10  49  55
  26   29 1   999  82   3   0   1   2 56.00   9 999  51 999
  26  111 1   999  82   3   1   1   3 63.00  10   9  51  57
  26  112 1   999  82   3   0   1   2 43.10   7   9  46  46
  26  113 1   999  82 999   0   1   1 48.70   8   7  50  51
  26  114 1   999  82   3   0   1   2 48.00  11  12  47  56
  26  115 1   999  82   3   1   1   2 53.40   8   8  51  58
  26  116 1   999  82   3   0 999   2 38.90   8 999  47 999
  26  117 1   999  82   3   0   1   2 43.40   7   9  45  57
  26  118 1   999  82   3   1   1   2 42.00  12  12  51  50
  26  119 1   999  82   2   0   1   2 36.80   8 999  39 999
  26  120 1   999  82   3   0   1   2 47.10   9  12  50  56
  26  121 1   999  82 999   1   0   2 38.70   7 999  43 999
  26  122 1   999  82   3   0   1   2 28.20   8   8  47  62
  26  123 1   999  82   3   1   1   2 48.50   9   8  48  54
  26  124 1   999  82   3   1   1   2 43.60  10 999  47 999
  26  125 1   999  82   3   0   1   2 24.20   6   7  42  49
  26  126 1   999  82   3   1 999   2 40.10  10   6  50  56
  26  426 1   999  82   3   0   1   1 40.60   8   9  43  49
  26  427 1   999  82   3   1   1   3 58.60  12  12  61  59
  26  428 1   999  82   3   0   0   2   999  11 999  55 999
  26  429 1   999  82   3   0 999   2 45.50  11  11  52  55
  26  821 1   999  82   3   1   1   1   999   8  10  55  64
  26  822 1   999  82   1   0   0   2 44.30  11 999  56 999
  26  823 1   999  82   1   1   0   2 55.10   9  10  52  57
  26  824 1   999  82 999   1   1   2 49.90   9   9  52  59
  26  825 1   999  82 999   1   1   1 39.90  10   9  48  59
  26  826 1   999  82   3   1   1   1 53.00  10  10  49  60
  26  827 1   999  82   3   0   1   2 48.00   9  10  55  57
  26  828 1   999  82 999   1   1   2 52.00  10  10  51  59
  26  829 1   999  82   3   0   1   2 48.00   5 999  52 999
  26  830 1   999  82   3   1   1   2 52.00   4   8  45  51
  26  831 1   999  82   3   0   1   2 43.80   7   9  46  51
  26  832 1   999  82   3   1   1   1 57.20  11  11  54  56
  26  833 1   999  82   3   1   1   2   999   7   6  57  63
  26  834 1   999  82   3   1   1   2 26.30   3   9  54  53
  26  835 1   999  82   3   1   1   2 38.20  11  11  43  59
  26  931 1   999  82   3   0   1   1 42.00  10  11  45  53
  27  485 0 12.61  53   3   0   1   3 58.10  10  12  52  52
  27  486 0 12.61  53   3   0   1   3 58.30   9 999  49 999
  27  487 0 12.61  53   2   1   0   3 64.20  10  11  47  57
  27  488 0 12.61  53   1   0   1   3 62.50  12   9  53  62
  27  489 0 12.61  53   2   0   1   1 58.30  11   8  48  53
  27  490 0 12.61  53   3   0 999   3 64.60   8   8  50  54
  27  491 0 12.61  53   3   0   1   3 58.60   9  11  50  57
  27  492 0 12.61  53   2   0   1   3 67.40  10  10  61  58
  27  493 0 12.61  53   3   0   1   3 59.70  10   8  50  59
  27  494 0 12.61  53   3   0   1   2 50.60  12  11  47  53
  27  495 0 12.61  53   3   0   1   2 45.90   7   9  49  51
  27  496 0 12.61  53   3   0   1   2 55.50   6   8  46  56
  27  497 0 12.61  53   3   0   0   2 55.80  10  10  47  51
  27  498 0 12.61  53   3   0   1   2 48.30  10  10  52  56
  27  964 0 12.61  53   3   0   1   2 50.60   7   6  52  56
  28  530 0  6.30  58   3   0   1   2 45.70  10   9  45  47
  28  531 0  6.30  58   1   0   1   2 48.50   7   7  46  42
  28  532 0  6.30  58   3   0   0   2 47.80   7 999  45 999
  28  533 0  6.30  58   2   0   0 999 52.30   6   8  47  44
  28  534 0  6.30  58   3   1   1   2 55.10   9   9  51  46
  28  535 0  6.30  58   2   0   1   2 54.60   9  10  56  46
  28  536 0  6.30  58   1   0   0   2 56.20   9   9  50  44
  28  537 0  6.30  58   3   1   1   2 54.10  10  10  48  46
  28  538 0  6.30  58   3   1   1   2 46.90   4   5  46  50
  28  539 0  6.30  58 999   0   1   2 38.20   7   9  47  43
  28  540 0  6.30  58   3   0   0   2 55.50   7   8  51  51
  28  541 0  6.30  58   3   0   1   2   999   8   8  53  55
  28  542 0  6.30  58   3   1   1   2 53.20   8   8  56  49
  28  543 0  6.30  58   3   0   1   1 37.50  10   9  48  43
  28  544 0  6.30  58   3   1   1   2 52.00   8 999  39 999
  28  545 0  6.30  58   3   1 999   2 53.20  11  12  47  49
  28  546 0  6.30  58   2   0 999   2   999   9   7  42  43
  28  547 0  6.30  58   3   0   1   2   999   8  12  50  57
  28  548 0  6.30  58   3   0   1   2 51.10  10  10  44  53
  28  549 0  6.30  58   3   0   1   2 48.00  11 999  42 999
  28  550 0  6.30  58   3   1   1   1 56.20   9 999  54 999
  28  551 0  6.30  58   3   0   1   2 46.90   9   6  50  45
  28  552 0  6.30  58   3   1   1   2 53.00   9   9  47  52
  28  553 0  6.30  58 999   0   1   2 45.00   9   9  43  47
  28  554 0  6.30  58   3   0   1   1 43.80   8   9  49  50
  28  555 0  6.30  58   3   1   1   2 54.10  11  12  53  63
  28  556 0  6.30  58   3   0   1   2 49.20   9   9  46  46
  28  557 0  6.30  58   2   0   1   2   999  11  10  49  57
  28  558 0  6.30  58   3   0   1   2 51.10   8  10  54  54
  28  559 0  6.30  58   3   0   1   2 54.10   7   8  51  53
  28  560 0  6.30  58 999   0   1   2 50.90   8   9  51  53
  28  561 0  6.30  58 999   0   1   2 48.70   6  10  53  51
  28  562 0  6.30  58   1   1   1   2 17.00   7   4  52  40
  28  563 0  6.30  58   3   0   1   2 37.10   7   5  51  37
  28  564 0  6.30  58   3   0   1   3 48.91   9  10  51  60
  28  565 0  6.30  58   3   1   1   2 53.40  10   9  47  51
  28  566 0  6.30  58   3   0   0   2 54.40   9   9  50  47
  28  567 0  6.30  58   3   0   1   2 48.00  12 999  46 999
  28  568 0  6.30  58 999   0   1   2 47.10   7 999  49 999
  28  569 0  6.30  58   2   0   1   1 46.90   8   7  50  49
  28  570 0  6.30  58   3   1   0   2   999  11   9  54  52
  28  571 0  6.30  58   3   0 999   2 55.10  12  11  57  59
  28  572 0  6.30  58   3   1   1   2   999   6   9  44  49
  28  573 0  6.30  58   3   0   1   2   999   6   7  53  54
  28  574 0  6.30  58   3   1   1   2 53.00   7   9  47  46
  28  575 0  6.30  58   3   1   1   2 48.50   9  10  48  46
  28  576 0  6.30  58   3   1   1   1 50.90   8   9  49  54
  28  577 0  6.30  58   3   0 999   2 36.40  10   7  47  38
  28  920 0  6.30  58   2   1   0   2 51.30  10  12  50  52
  28  921 0  6.30  58   3   1   1   1 40.30   7   7  49  43
  29  582 0  9.85  13   2   0   1   2 45.00  11  11  50  54
  29  583 0  9.85  13   2   0   0   2 43.10  10  12  49  53
  29  584 0  9.85  13   3   0   1   2 41.30   6   8  48  52
  29  585 0  9.85  13   2   1   1   2   999   8   7  44  38
  29  586 0  9.85  13   2   0   1   3 56.90   9  11  48  53
  29  587 0  9.85  13   2   1   1   2 30.30   8   9  48  45
  29  588 0  9.85  13   2   0   1   2 52.70  10  12  52  43
  29  589 0  9.85  13 999   0   1   2 48.70   9  11  51  39
  29  590 0  9.85  13   2   1 999   3 65.30  10  12  50  52
  29  591 0  9.85  13   3   1   1   1 44.80  10   9  45  46
  29  592 0  9.85  13   2   0   1   2 54.40  11  11  56  55
  29  593 0  9.85  13   2   1   1   2 37.80  10  10  42  45
  29  596 0  9.85  13   2   0   1   2 37.10   8 999  42 999
  29  597 0  9.85  13   2   1   1   2 41.70   8  10  43  42
  29  956 0  9.85  13   2   0   1   2 44.10   8   9  44  45
  29  957 0  9.85  13 999   0 999   2 45.70  11  11  49  55
