     1.000      1.000      6.680     45.700     48.000     52.000 24
     1.000      1.000      6.680     46.600     46.000     53.510 24
     1.000      1.000      6.680     39.200     47.000     50.031 24
     1.000      0.000      6.680     43.400     43.000     50.000 24
     1.000      1.000      6.680     65.800     57.000     60.000 24
     1.000      1.000      6.680     46.900     53.000     51.190 24
     1.000      1.000      6.680     35.074     42.000     43.000 24
     1.000      1.000      6.680     37.821     49.000     52.000 24
     1.000      0.000      6.680     56.500     46.000     52.000 24
     1.000      1.000      6.680     45.000     53.000     57.000 24
     1.000      1.000      6.680     56.900     53.000     50.000 24
     1.000      1.000      6.680     47.100     56.000     55.000 24
     1.000      1.000      6.680     51.300     47.000     48.000 24
     0.000      1.000     12.610     58.100     52.000     52.000 27
     0.000      1.000     12.610     58.300     49.000     61.003 27
     0.000      0.000     12.610     64.200     47.000     57.000 27
     0.000      1.000     12.610     62.500     53.000     62.000 27
     0.000      1.000     12.610     58.300     48.000     53.000 27
     0.000      1.000     12.610     64.600     50.000     54.000 27
     0.000      1.000     12.610     58.600     50.000     57.000 27
     0.000      1.000     12.610     67.400     61.000     58.000 27
     0.000      1.000     12.610     59.700     50.000     59.000 27
     0.000      1.000     12.610     50.600     47.000     53.000 27
     0.000      1.000     12.610     45.900     49.000     51.000 27
     0.000      1.000     12.610     55.500     46.000     56.000 27
     0.000      0.000     12.610     55.800     47.000     51.000 27
     0.000      1.000     12.610     48.300     52.000     56.000 27
     0.000      1.000     12.610     50.600     52.000     56.000 27
     0.000      1.000     12.990     48.500     49.000     57.000 11
     0.000      1.000     12.990     51.600     53.000     55.000 11
     0.000      1.000     12.990     55.300     49.000     55.000 11
     0.000      0.000     12.990     51.800     42.000     48.000 11
     0.000      1.000     12.990     54.800     52.000     63.000 11
     0.000      1.000     12.990     46.717     42.000     50.000 11
     0.000      1.000     12.990     51.100     47.000     56.000 11
     0.000      0.000     12.990     51.600     45.000     56.000 11
     0.000      1.000     12.990     60.772     50.000     55.000 11
     0.000      0.000     12.990     49.200     43.000     52.000 11
     0.000      1.000     12.990     54.400     51.000     48.475 11
     0.000      1.000     12.990     56.200     48.000     55.000 11
     0.000      1.000     12.990     53.900     54.000     55.000 11
     0.000      1.000     12.990     48.700     54.000     54.000 11
     0.000      1.000     12.990     48.300     48.000     55.000 11
     0.000      1.000     12.990     17.400     43.000     43.000 11
     0.000      1.000     12.760     53.700     50.000     52.000 21
     0.000      1.000     12.760     46.450     46.000     45.120 21
     0.000      1.000     12.760     54.400     50.000     51.000 21
     0.000      1.000     12.760     55.500     61.000     57.000 21
     0.000      1.000     12.760     62.100     42.000     54.000 21
     0.000      1.000     12.760     52.500     51.000     42.000 21
     0.000      1.000     12.760     49.900     45.000     49.000 21
     0.000      1.000     12.760     49.400     50.000     55.000 21
     0.000      1.000     12.760     50.427     50.000     56.000 21
     0.000      1.000     12.760     54.100     38.000     55.170 21
     0.000      1.000     12.760     52.500     48.000     52.000 21
     0.000      1.000     12.760     53.400     44.000     43.000 21
     0.000      1.000     12.760     54.600     50.000     42.000 21
     0.000      0.000     12.760     56.500     50.000     56.000 21
     0.000      1.000     12.760     52.500     55.000     54.000 21
     0.000      1.000     12.760     52.500     52.000     46.000 21
     0.000      1.000      9.850     45.000     50.000     54.000 29
     0.000      0.000      9.850     43.100     49.000     53.000 29
     0.000      1.000      9.850     41.300     48.000     52.000 29
     0.000      1.000      9.850     52.551     44.000     38.000 29
     0.000      1.000      9.850     56.900     48.000     53.000 29
     0.000      1.000      9.850     30.300     48.000     45.000 29
     0.000      1.000      9.850     52.700     52.000     43.000 29
     0.000      1.000      9.850     48.700     51.000     39.000 29
     0.000      1.000      9.850     65.300     50.000     52.000 29
     0.000      1.000      9.850     44.800     45.000     46.000 29
     0.000      1.000      9.850     54.400     56.000     55.000 29
     0.000      1.000      9.850     37.800     42.000     45.000 29
     0.000      1.000      9.850     37.100     42.000     45.852 29
     0.000      1.000      9.850     41.700     43.000     42.000 29
     0.000      1.000      9.850     44.100     44.000     45.000 29
     0.000      1.000      9.850     45.700     49.000     55.000 29
     0.000      1.000      8.500     62.100     61.000     51.000  9
     0.000      0.000      8.500     42.700     50.000     48.018  9
     0.000      1.000      8.500     45.700     47.000     50.000  9
     0.000      0.000      8.500     52.700     51.000     60.000  9
     0.000      1.000      8.500     51.300     49.000     38.000  9
     0.000      0.000      8.500     70.371     56.000     55.000  9
     0.000      1.000      8.500     50.900     50.000     55.000  9
     0.000      1.000      8.500     49.400     56.000     52.000  9
     0.000      1.000      8.500     55.560     52.000     41.254  9
     0.000      1.000      8.500     46.400     52.000     62.000  9
     0.000      1.000      8.500     56.000     38.000     52.000  9
     0.000      0.000      8.500     52.700     54.000     54.000  9
     0.000      1.000      8.500     54.600     52.000     55.000  9
     0.000      1.000      8.500     61.800     56.000     62.000  9
     0.000      1.000      8.500     50.600     48.000     49.000  9
     0.000      1.000      8.500     54.800     48.000     48.000  9
     0.000      1.000      8.500     57.400     50.000     55.000  9
     0.000      1.000      8.500     57.600     52.000     53.000  9
     0.000      1.000      8.500     61.100     53.000     45.000  9
     0.000      1.000      8.500     57.200     55.000     62.000  9
     1.000      1.000      9.160      5.300     38.000     43.000  4
     1.000      1.000      9.160     34.000     39.000     51.000  4
     1.000      1.000      9.160     54.600     48.000     64.000  4
     1.000      1.000      9.160     43.400     39.000     55.000  4
     1.000      1.000      9.160     38.000     42.000     51.000  4
     1.000      1.000      9.160     59.700     50.000     52.000  4
     1.000      1.000      9.160     35.900     47.000     43.000  4
     1.000      1.000      9.160     57.400     53.000     55.000  4
     1.000      1.000      9.160     52.500     58.000     54.000  4
     1.000      1.000      9.160     56.500     49.000     49.000  4
     1.000      1.000      9.160     47.600     49.000     60.872  4
     1.000      1.000      9.160     45.274     53.000     55.000  4
     1.000      1.000      9.160     54.600     48.000     51.000  4
     1.000      1.000      9.160     45.500     46.000     48.000  4
     1.000      1.000      9.160     41.700     47.000     54.000  4
     1.000      1.000      9.160     57.400     52.000     55.000  4
     1.000      1.000      9.160     56.200     53.000     55.000  4
     1.000      1.000      9.160     50.900     47.000     49.000  4
     1.000      1.000      9.160     32.720     40.000     47.000  4
     1.000      1.000      9.160     55.500     46.000     54.000  4
     1.000      1.000      9.160     63.700     55.000     59.000  4
     1.000      1.000      6.860     62.600     54.000     59.000 16
     1.000      0.000      6.860     55.300     49.000     61.000 16
     1.000      1.000      6.860     50.400     60.000     59.000 16
     1.000      1.000      6.860     52.300     59.000     58.334 16
     1.000      0.000      6.860     45.700     53.000     71.316 16
     1.000      1.000      6.860     47.300     54.000     55.463 16
     1.000      0.000      6.860     44.100     61.000     61.000 16
     1.000      0.000      6.860     54.400     48.000     58.982 16
     1.000      1.000      6.860     43.800     43.000     57.370 16
     1.000      1.000      6.860     51.800     51.000     58.000 16
     1.000      1.000      6.860     47.800     51.000     59.000 16
     1.000      1.000      6.860     51.300     51.000     54.000 16
     1.000      1.000      6.860      6.500     39.000     47.000 16
     1.000      0.000      6.860     53.700     45.000     64.000 16
     1.000      1.000      6.860     43.800     43.000     50.000 16
     1.000      1.000      6.860     51.100     55.000     57.000 16
     1.000      1.000      6.860     53.000     46.000     50.000 16
     1.000      1.000      6.860     42.200     51.000     54.000 16
     1.000      1.000      6.860     68.600     58.000     64.000 16
     1.000      1.000      6.860     50.758     52.000     58.186 16
     1.000      1.000      6.860     51.800     46.000     53.078 16
     1.000      1.000      6.860     50.400     49.000     55.000 16
     1.000      1.000      6.860     39.400     51.000     42.000 16
     0.000      1.000     24.600     53.700     49.000     63.000 25
     0.000      0.000     24.600     57.900     48.000     53.000 25
     0.000      0.000     24.600     68.600     54.000     62.156 25
     0.000      1.000     24.600     58.600     52.000     60.610 25
     0.000      1.000     24.600     58.800     55.000     57.000 25
     0.000      1.000     24.600     53.700     49.000     57.328 25
     0.000      0.000     24.600     52.700     50.000     51.000 25
     0.000      1.000     24.600     63.000     48.000     57.000 25
     0.000      1.000     24.600     40.100     47.000     49.000 25
     0.000      1.000     24.600     43.523     43.000     44.457 25
     0.000      1.000     24.600     60.400     58.000     62.233 25
     0.000      1.000     24.600     63.000     56.000     56.078 25
     0.000      0.000     24.600     63.500     50.000     56.000 25
     0.000      1.000     24.600     59.300     50.000     57.531 25
     0.000      1.000     24.600     51.800     53.000     58.000 25
     0.000      0.000     24.600     58.100     51.000     56.000 25
     0.000      0.000     24.600     56.900     52.000     45.000 25
     0.000      1.000     24.600     63.500     52.000     56.000 25
     0.000      1.000     24.600     45.500     38.000     53.000 25
     0.000      0.000     24.600     60.900     55.000     65.000 25
     0.000      1.000     24.600     35.200     39.000     46.454 25
     0.000      0.000     24.600     55.500     61.000     59.000 25
     0.000      0.000     24.600     54.600     57.000     58.303 25
     0.000      0.000     24.600     59.700     54.000     59.000 25
     0.000      1.000      8.150     52.300     44.000     48.944 19
     0.000      1.000      8.150     50.900     52.000     55.000 19
     0.000      1.000      8.150     59.000     42.000     55.987 19
     0.000      1.000      8.150     63.500     55.000     51.000 19
     0.000      1.000      8.150     49.700     45.000     55.747 19
     0.000      1.000      8.150     54.600     57.000     51.000 19
     0.000      1.000      8.150     36.600     49.000     55.081 19
     0.000      1.000      8.150     54.600     56.000     47.000 19
     0.000      1.000      8.150     54.400     52.000     53.000 19
     0.000      0.000      8.150     53.900     50.000     55.000 19
     0.000      0.000      8.150     56.618     59.000     58.000 19
     0.000      1.000      8.150     60.900     58.000     64.000 19
     0.000      1.000      8.150     65.600     65.000     56.681 19
     0.000      0.000      8.150     57.600     60.000     56.760 19
     0.000      0.000      8.150     67.700     56.000     60.000 19
     0.000      1.000      8.150     56.000     55.000     63.000 19
     0.000      1.000      8.150     63.997     53.000     63.582 19
     0.000      1.000      8.150     61.600     54.000     54.000 19
     0.000      1.000      8.150     29.600     45.000     51.000 19
     0.000      0.000      8.150     52.000     52.000     56.000 19
     0.000      1.000      8.150     40.800     53.000     52.827 19
     0.000      0.000      8.150     38.900     46.000     45.131 19
     0.000      1.000      8.150     56.200     56.000     50.000 19
     0.000      0.000      8.150     54.400     55.000     57.684 19
     0.000      1.000      8.150     46.600     46.000     58.793 19
     0.000      1.000      8.150     46.400     43.000     60.000 19
     0.000      1.000      8.150     42.400     49.000     45.000 19
     1.000      1.000      8.700     30.800     47.000     56.000 18
     1.000      0.000      8.700     44.800     49.000     46.625 18
     1.000      1.000      8.700     44.500     49.000     48.374 18
     1.000      1.000      8.700     58.300     49.000     54.000 18
     1.000      1.000      8.700     44.100     45.000     48.000 18
     1.000      1.000      8.700     46.200     49.000     58.000 18
     1.000      1.000      8.700     48.700     46.000     37.000 18
     1.000      1.000      8.700     45.900     52.000     51.869 18
     1.000      1.000      8.700     51.100     49.000     62.000 18
     1.000      1.000      8.700     49.889     54.000     56.020 18
     1.000      1.000      8.700     57.900     57.000     54.000 18
     1.000      1.000      8.700     53.400     53.000     58.970 18
     1.000      0.000      8.700     53.900     54.000     59.000 18
     1.000      1.000      8.700     52.000     52.000     60.291 18
     1.000      1.000      8.700     54.790     54.000     54.000 18
     1.000      1.000      8.700     47.300     51.000     56.000 18
     1.000      1.000      8.700     48.700     48.000     63.000 18
     1.000      1.000      8.700     62.500     52.000     63.000 18
     1.000      1.000      8.700     49.000     49.000     52.257 18
     1.000      1.000      8.700     50.670     46.000     54.000 18
     1.000      1.000      8.700     35.200     44.000     43.000 18
     1.000      0.000      8.700     52.000     52.000     60.000 18
     1.000      1.000      8.700     48.000     53.000     56.000 18
     1.000      1.000      8.700     61.800     58.000     63.000 18
     1.000      1.000      8.700     57.200     57.000     54.000 18
     1.000      1.000      8.700     56.900     56.000     60.000 18
     1.000      1.000      8.700     41.000     46.000     52.000 18
     1.000      1.000      8.700     56.700     47.000     55.000 18
     1.000      1.000     13.120     62.500     60.000     63.000 10
     1.000      0.000     13.120     57.400     49.000     55.000 10
     1.000      1.000     13.120     60.649     55.000     63.000 10
     1.000      1.000     13.120     56.500     53.000     56.957 10
     1.000      0.000     13.120     57.900     53.000     52.000 10
     1.000      1.000     13.120     57.400     52.000     55.000 10
     1.000      1.000     13.120     64.900     61.000     64.000 10
     1.000      1.000     13.120     57.400     56.000     57.000 10
     1.000      1.000     13.120     65.100     53.000     60.000 10
     1.000      0.000     13.120     52.000     48.000     53.000 10
     1.000      1.000     13.120     41.500     48.000     56.000 10
     1.000      0.000     13.120     57.200     59.000     59.000 10
     1.000      1.000     13.120     57.200     50.000     56.665 10
     1.000      1.000     13.120     54.800     54.000     53.000 10
     1.000      1.000     13.120     54.400     54.000     56.074 10
     1.000      1.000     13.120     54.400     56.000     62.000 10
     1.000      1.000     13.120     55.800     51.000     65.000 10
     1.000      1.000     13.120     57.600     52.000     57.655 10
     1.000      0.000     13.120     42.000     39.000     47.170 10
     1.000      1.000     13.120     41.300     45.000     52.000 10
     1.000      1.000     13.120     38.900     52.000     57.000 10
     1.000      1.000     13.120     57.900     39.000     56.000 10
     1.000      1.000     13.120     45.970     48.000     54.000 10
     1.000      1.000     13.120     59.300     55.000     59.000 10
     1.000      0.000     13.120     45.200     50.000     57.000 10
     1.000      1.000     13.120     58.600     57.000     63.000 10
     1.000      1.000     13.120     49.400     45.000     56.000 10
     1.000      1.000     13.120     54.600     47.000     52.980 10
     1.000      1.000     13.120     59.300     54.000     64.196 10
     1.000      1.000      6.970     61.800     55.000     54.000 12
     1.000      1.000      6.970     46.539     38.000     49.368 12
     1.000      1.000      6.970     59.700     55.000     53.343 12
     1.000      1.000      6.970     52.000     56.000     52.000 12
     1.000      1.000      6.970     61.400     58.000     54.000 12
     1.000      1.000      6.970     53.200     48.000     47.000 12
     1.000      1.000      6.970     70.200     58.000     52.000 12
     1.000      1.000      6.970     27.300     43.000     43.000 12
     1.000      1.000      6.970     49.200     48.000     46.000 12
     1.000      1.000      6.970     46.600     50.000     49.000 12
     1.000      1.000      6.970     70.500     57.000     55.000 12
     1.000      0.000      6.970     87.800     65.000     59.000 12
     1.000      1.000      6.970     60.900     53.000     53.915 12
     1.000      1.000      6.970     54.400     58.000     54.000 12
     1.000      1.000      6.970     54.480     48.000     51.000 12
     1.000      1.000      6.970     35.400     46.000     54.000 12
     1.000      1.000      6.970     48.000     51.000     52.000 12
     1.000      1.000      6.970     46.900     48.000     62.069 12
     1.000      1.000      6.970     56.700     52.000     51.000 12
     1.000      1.000      6.970     43.600     46.000     52.000 12
     1.000      1.000      6.970     56.735     47.000     53.101 12
     1.000      1.000      6.970     50.900     51.000     57.000 12
     1.000      1.000      6.970     43.600     39.000     48.000 12
     1.000      1.000      6.970     54.400     50.000     49.126 12
     1.000      0.000      6.970     61.600     56.000     62.000 12
     1.000      1.000      6.970     64.600     56.000     58.636 12
     1.000      1.000      6.970     64.400     51.000     56.000 12
     1.000      1.000      6.970     44.100     45.000     47.000 12
     1.000      0.000      6.970     57.600     49.000     53.786 12
     1.000      1.000     12.980     50.900     51.000     50.745 17
     1.000      1.000     12.980     47.800     51.000     62.000 17
     1.000      1.000     12.980     54.600     58.000     57.000 17
     1.000      0.000     12.980     62.300     56.000     61.000 17
     1.000      1.000     12.980     44.800     48.000     45.742 17
     1.000      1.000     12.980     38.700     55.000     52.000 17
     1.000      1.000     12.980     64.200     52.000     45.000 17
     1.000      1.000     12.980     47.600     45.000     59.000 17
     1.000      1.000     12.980     58.600     53.000     59.000 17
     1.000      1.000     12.980     55.500     54.000     53.044 17
     1.000      1.000     12.980     46.600     52.000     55.000 17
     1.000      0.000     12.980     63.700     54.000     59.000 17
     1.000      0.000     12.980     44.800     51.000     58.000 17
     1.000      0.000     12.980     54.600     48.000     59.000 17
     1.000      0.000     12.980     35.000     48.000     56.000 17
     1.000      1.000     12.980     52.000     42.000     58.000 17
     1.000      0.000     12.980     54.100     53.000     61.174 17
     1.000      1.000     12.980     56.900     55.000     63.000 17
     1.000      1.000     12.980     55.500     49.000     55.000 17
     1.000      0.000     12.980     53.000     47.000     49.000 17
     1.000      1.000     12.980     55.270     55.000     56.391 17
     1.000      0.000     12.980     52.230     56.000     54.000 17
     1.000      0.000     12.980     43.400     51.000     58.000 17
     1.000      1.000     12.980     45.408     50.000     55.000 17
     1.000      0.000     12.980     61.800     52.000     59.000 17
     1.000      0.000     12.980     60.700     46.000     59.000 17
     1.000      1.000     12.980     42.200     42.000     51.000 17
     1.000      0.000     12.980     62.300     55.000     60.000 17
     1.000      1.000     12.980     56.000     56.000     62.000 17
     1.000      0.000     12.980     52.300     50.000     46.000 17
     1.000      1.000     12.980     62.500     57.000     62.000 17
     1.000      0.000     12.980     39.600     47.000     51.346 17
     1.000      1.000     12.980     41.000     44.000     49.000 17
     1.000      1.000      7.570     49.000     48.000     53.000 14
     1.000      1.000      7.570     39.900     52.000     55.000 14
     1.000      1.000      7.570     49.000     49.000     54.000 14
     1.000      1.000      7.570     59.464     48.000     52.212 14
     1.000      1.000      7.570     59.440     58.000     64.000 14
     1.000      1.000      7.570     47.300     55.000     55.183 14
     1.000      1.000      7.570     63.200     51.000     58.000 14
     1.000      0.000      7.570     40.300     42.000     52.408 14
     1.000      1.000      7.570     37.975     49.000     58.000 14
     1.000      1.000      7.570     58.300     54.000     62.000 14
     1.000      0.000      7.570     54.100     50.000     64.000 14
     1.000      1.000      7.570     49.810     48.000     58.544 14
     1.000      1.000      7.570     51.100     52.000     45.505 14
     1.000      1.000      7.570     53.400     46.000     47.000 14
     1.000      1.000      7.570     41.700     47.000     54.000 14
     1.000      1.000      7.570     62.100     48.000     61.553 14
     1.000      1.000      7.570     63.700     54.000     56.000 14
     1.000      1.000      7.570     50.200     53.000     63.000 14
     1.000      1.000      7.570     48.000     43.000     45.206 14
     1.000      1.000      7.570     51.600     50.000     60.000 14
     1.000      1.000      7.570     56.500     44.000     54.000 14
     1.000      1.000      7.570     55.500     39.000     59.000 14
     1.000      1.000      7.570     58.100     51.000     53.000 14
     1.000      1.000      7.570     46.400     50.000     46.000 14
     1.000      1.000      7.570     24.200     38.000     53.000 14
     1.000      1.000      7.570     48.091     46.000     57.000 14
     1.000      1.000      7.570     44.100     44.000     63.000 14
     1.000      1.000      7.570     38.200     42.000     59.000 14
     1.000      1.000      7.570     44.300     48.000     53.000 14
     1.000      1.000      7.570     42.400     48.000     48.894 14
     1.000      1.000      7.570     54.600     52.000     64.000 14
     1.000      1.000      7.570     45.000     47.000     49.000 14
     1.000      1.000      7.570     44.300     48.000     55.000 14
     1.000      1.000      7.570     53.700     52.000     48.811 14
     0.000      1.000      9.610     41.500     43.000     46.000  6
     0.000      1.000      9.610     55.500     52.000     51.933  6
     0.000      1.000      9.610     56.700     57.000     55.000  6
     0.000      1.000      9.610     51.800     55.000     60.000  6
     0.000      1.000      9.610     50.200     58.000     64.320  6
     0.000      1.000      9.610     38.700     45.000     50.000  6
     0.000      1.000      9.610     39.400     44.000     49.000  6
     0.000      1.000      9.610     33.300     42.000     48.000  6
     0.000      1.000      9.610     49.667     50.000     43.000  6
     0.000      1.000      9.610     38.500     45.000     55.000  6
     0.000      1.000      9.610      6.000     43.000     39.000  6
     0.000      1.000      9.610     55.500     49.000     56.000  6
     0.000      1.000      9.610     42.200     48.000     45.000  6
     0.000      1.000      9.610     54.600     53.000     41.687  6
     0.000      1.000      9.610     47.800     52.000     55.000  6
     0.000      1.000      9.610     48.172     43.000     60.000  6
     0.000      1.000      9.610     49.700     50.000     58.232  6
     0.000      1.000      9.610     51.100     52.000     53.000  6
     0.000      1.000      9.610     52.300     45.000     54.000  6
     0.000      1.000      9.610     55.300     46.000     52.000  6
     0.000      1.000      9.610     59.500     53.000     56.000  6
     0.000      1.000      9.610     35.900     49.000     54.000  6
     0.000      1.000      9.610     43.800     46.000     53.000  6
     0.000      1.000      9.610     51.100     51.000     51.000  6
     0.000      1.000      9.610     46.600     43.000     49.000  6
     0.000      1.000      9.610     45.200     42.000     47.000  6
     0.000      1.000      9.610     49.000     52.000     59.000  6
     0.000      1.000      9.610     57.200     44.000     49.000  6
     0.000      1.000      9.610     61.170     57.000     63.000  6
     0.000      1.000      9.610     68.400     57.000     60.000  6
     0.000      1.000      9.610     46.200     47.000     50.953  6
     0.000      1.000      9.610     46.806     48.000     51.000  6
     0.000      1.000      9.610     37.500     46.000     54.000  6
     0.000      1.000      9.610     42.700     43.000     46.000  6
     0.000      1.000      9.610     51.600     46.000     46.000  6
     0.000      1.000      9.460     54.232     52.000     53.000  7
     0.000      1.000      9.460     44.800     48.000     45.291  7
     0.000      1.000      9.460     43.600     51.000     58.508  7
     0.000      1.000      9.460     45.913     52.000     54.000  7
     0.000      1.000      9.460     37.800     46.000     51.834  7
     0.000      0.000      9.460     45.200     50.000     55.000  7
     0.000      0.000      9.460     44.500     44.000     47.000  7
     0.000      1.000      9.460     45.000     51.000     54.000  7
     0.000      1.000      9.460     43.580     49.000     47.000  7
     0.000      1.000      9.460     44.800     46.000     48.000  7
     0.000      0.000      9.460     39.200     45.000     56.000  7
     0.000      1.000      9.460     47.600     43.000     52.000  7
     0.000      1.000      9.460     60.844     54.000     56.000  7
     0.000      1.000      9.460     40.600     47.000     45.000  7
     0.000      1.000      9.460     46.400     52.000     53.000  7
     0.000      0.000      9.460     41.500     49.000     54.000  7
     0.000      0.000      9.460     40.800     46.000     51.000  7
     0.000      1.000      9.460     46.900     50.000     58.274  7
     0.000      1.000      9.460     39.600     44.000     44.000  7
     0.000      1.000      9.460     36.400     43.000     50.000  7
     0.000      1.000      9.460     62.440     49.000     54.000  7
     0.000      1.000      9.460     47.100     39.000     55.000  7
     0.000      1.000      9.460     47.300     43.000     45.901  7
     0.000      1.000      9.460     47.600     47.000     53.000  7
     0.000      1.000      9.460     45.700     49.000     52.000  7
     0.000      1.000      9.460     42.470     49.000     52.000  7
     0.000      1.000      9.460     39.200     48.000     51.019  7
     0.000      1.000      9.460     25.600     46.000     56.000  7
     0.000      1.000      9.460     47.300     45.000     56.000  7
     0.000      0.000      9.460     44.960     42.000     43.518  7
     0.000      1.000      9.460     44.300     39.000     51.000  7
     0.000      1.000      9.460     72.525     56.000     63.000  7
     0.000      1.000      9.460     42.000     42.000     49.000  7
     0.000      1.000      9.460     48.500     50.000     64.000  7
     0.000      1.000      9.460     26.100     47.000     47.000  7
     0.000      1.000      5.120     34.500     50.000     55.000 15
     0.000      1.000      5.120     72.300     58.000     61.000 15
     0.000      1.000      5.120     36.231     47.000     49.000 15
     0.000      1.000      5.120     47.300     48.000     53.000 15
     0.000      1.000      5.120     37.800     38.000     42.000 15
     0.000      1.000      5.120     26.005     48.000     49.000 15
     0.000      1.000      5.120     51.100     46.000     55.000 15
     0.000      1.000      5.120     49.200     48.000     53.000 15
     0.000      0.000      5.120     55.300     56.000     61.000 15
     0.000      1.000      5.120     47.130     56.000     54.000 15
     0.000      1.000      5.120     40.100     48.000     54.000 15
     0.000      1.000      5.120     51.800     51.000     47.000 15
     0.000      1.000      5.120     51.300     52.000     52.578 15
     0.000      1.000      5.120     49.648     52.000     56.000 15
     0.000      1.000      5.120     47.800     49.000     45.306 15
     0.000      1.000      5.120     54.800     42.000     52.000 15
     0.000      1.000      5.120     34.300     43.000     54.342 15
     0.000      1.000      5.120     24.000     46.000     51.000 15
     0.000      0.000      5.120     58.800     50.000     53.000 15
     0.000      1.000      5.120     43.800     50.000     47.198 15
     0.000      1.000      5.120     42.000     50.000     53.000 15
     0.000      1.000      5.120     49.400     50.000     59.000 15
     0.000      0.000      5.120     41.700     42.000     53.000 15
     0.000      1.000      5.120     50.200     45.000     51.000 15
     0.000      1.000      5.120     51.800     57.000     55.000 15
     0.000      1.000      5.120     53.000     49.000     52.000 15
     0.000      0.000      5.120     60.400     51.000     52.000 15
     0.000      1.000      5.120     44.500     54.000     64.000 15
     0.000      1.000      5.120     37.500     52.000     46.000 15
     0.000      1.000      5.120     32.200     46.000     46.000 15
     0.000      1.000      5.120     41.000     48.000     43.000 15
     0.000      1.000      5.120     47.800     49.000     49.000 15
     0.000      1.000      5.120     49.700     51.000     55.000 15
     0.000      1.000      5.120     45.000     46.000     49.000 15
     0.000      1.000      5.120     49.000     43.000     55.000 15
     0.000      0.000      5.120     56.500     43.000     58.000 15
     0.000      0.000      5.120     52.300     44.000     46.000 15
     1.000      0.000     11.390     58.100     52.000     55.000 23
     1.000      0.000     11.390     53.400     58.000     56.000 23
     1.000      1.000     11.390     45.500     46.000     56.546 23
     1.000      1.000     11.390     44.300     49.000     49.000 23
     1.000      1.000     11.390     52.700     43.000     52.535 23
     1.000      0.000     11.390     54.600     47.000     60.000 23
     1.000      0.000     11.390     43.985     44.000     57.000 23
     1.000      1.000     11.390     51.800     51.000     60.000 23
     1.000      1.000     11.390     56.200     51.000     56.000 23
     1.000      1.000     11.390     54.100     52.000     62.000 23
     1.000      1.000     11.390     42.795     52.000     53.000 23
     1.000      1.000     11.390     47.600     47.000     49.000 23
     1.000      1.000     11.390     52.500     54.000     59.000 23
     1.000      1.000     11.390     55.100     55.000     60.000 23
     1.000      0.000     11.390     47.600     42.000     63.000 23
     1.000      1.000     11.390     50.900     53.000     54.000 23
     1.000      0.000     11.390     48.948     49.000     57.557 23
     1.000      1.000     11.390     56.500     52.000     50.000 23
     1.000      0.000     11.390     45.700     50.000     57.000 23
     1.000      1.000     11.390     38.500     42.000     52.000 23
     1.000      1.000     11.390     54.100     52.000     54.781 23
     1.000      1.000     11.390     50.195     51.000     57.000 23
     1.000      0.000     11.390     58.100     55.000     60.000 23
     1.000      1.000     11.390     57.900     58.000     57.728 23
     1.000      1.000     11.390     56.200     58.000     59.000 23
     1.000      1.000     11.390     34.000     46.000     57.000 23
     1.000      0.000     11.390     52.000     53.000     58.000 23
     1.000      1.000     11.390     61.400     57.000     62.000 23
     1.000      1.000     11.390     47.600     58.000     57.000 23
     1.000      0.000     11.390     48.500     42.000     54.000 23
     1.000      1.000     11.390     53.000     51.000     65.000 23
     1.000      0.000     11.390     61.800     51.000     53.637 23
     1.000      0.000     11.390     39.200     55.000     48.000 23
     1.000      1.000     11.390     49.000     55.000     58.000 23
     1.000      0.000     11.390     55.500     52.000     55.000 23
     1.000      1.000     11.390     53.700     51.000     57.000 23
     1.000      0.000     11.390     57.600     48.000     55.000 23
     0.000      1.000      4.330     44.800     38.000     45.905  2
     0.000      1.000      4.330     42.400     50.000     48.000  2
     0.000      1.000      4.330     56.200     51.000     55.000  2
     0.000      1.000      4.330     55.800     51.000     58.663  2
     0.000      1.000      4.330     36.400     51.000     52.000  2
     0.000      1.000      4.330     51.100     49.000     54.000  2
     0.000      1.000      4.330     51.800     48.000     48.841  2
     0.000      1.000      4.330     45.000     48.000     49.000  2
     0.000      1.000      4.330     49.884     47.000     52.000  2
     0.000      1.000      4.330     44.800     50.000     47.000  2
     0.000      1.000      4.330     42.700     45.000     49.000  2
     0.000      1.000      4.330     51.100     54.000     48.873  2
     0.000      1.000      4.330     53.700     53.000     55.765  2
     0.000      1.000      4.330     52.700     54.000     56.000  2
     0.000      1.000      4.330     36.754     43.000     52.000  2
     0.000      1.000      4.330     43.600     48.000     58.000  2
     0.000      1.000      4.330     42.900     51.000     52.000  2
     0.000      1.000      4.330     49.260     50.000     52.000  2
     0.000      1.000      4.330     42.200     50.000     49.000  2
     0.000      1.000      4.330     19.600     42.000     46.000  2
     0.000      1.000      4.330     50.600     51.000     55.000  2
     0.000      1.000      4.330     37.500     45.000     49.000  2
     0.000      0.000      4.330     31.900     47.000     43.000  2
     0.000      1.000      4.330     55.944     49.000     54.000  2
     0.000      1.000      4.330     39.200     49.000     46.110  2
     0.000      1.000      4.330     42.400     47.000     56.808  2
     0.000      1.000      4.330     22.100     38.000     42.000  2
     0.000      1.000      4.330     41.500     51.000     51.000  2
     0.000      1.000      4.330     33.300     45.000     44.000  2
     0.000      1.000      4.330     48.000     52.000     55.000  2
     0.000      1.000      4.330     48.500     48.000     53.000  2
     0.000      1.000      4.330     54.800     44.000     46.281  2
     0.000      1.000      4.330     48.000     52.000     53.000  2
     0.000      1.000      4.330     42.900     37.000     48.000  2
     0.000      1.000      4.330     49.000     46.000     52.000  2
     0.000      1.000      4.330     41.340     42.000     44.000  2
     0.000      1.000      4.330     47.100     46.000     56.000  2
     0.000      1.000      4.330     40.800     47.000     42.264  2
     0.000      1.000      4.330     50.400     56.000     53.000  2
     0.000      0.000      4.330     47.800     50.000     53.000  2
     0.000      1.000      4.330     53.200     49.000     47.000  2
     1.000      1.000      7.270     56.500     55.000     49.660  1
     1.000      0.000      7.270     49.200     49.000     48.843  1
     1.000      1.000      7.270     45.900     46.000     46.000  1
     1.000      1.000      7.270     53.700     54.000     59.000  1
     1.000      1.000      7.270     50.020     53.000     50.737  1
     1.000      1.000      7.270     43.796     50.000     48.000  1
     1.000      1.000      7.270     40.600     49.000     48.000  1
     1.000      1.000      7.270     39.900     50.000     52.000  1
     1.000      1.000      7.270     45.700     52.000     48.000  1
     1.000      1.000      7.270     54.100     48.000     59.000  1
     1.000      1.000      7.270     32.200     48.000     45.000  1
     1.000      1.000      7.270     49.200     50.000     49.000  1
     1.000      1.000      7.270     18.600     45.000     49.000  1
     1.000      1.000      7.270     46.600     46.000     53.866  1
     1.000      1.000      7.270     44.670     49.000     44.000  1
     1.000      1.000      7.270     49.400     50.000     54.000  1
     1.000      1.000      7.270     29.600     47.000     43.000  1
     1.000      1.000      7.270     46.600     49.000     48.000  1
     1.000      1.000      7.270     48.700     54.000     55.000  1
     1.000      1.000      7.270     59.000     56.000     58.000  1
     1.000      1.000      7.270      6.500     43.000     37.000  1
     1.000      1.000      7.270     45.200     48.000     46.000  1
     1.000      1.000      7.270     41.000     40.000     45.000  1
     1.000      1.000      7.270     25.900     42.000     33.086  1
     1.000      1.000      7.270     41.000     45.000     50.000  1
     1.000      1.000      7.270     36.800     38.000     43.000  1
     1.000      1.000      7.270     48.000     50.000     51.000  1
     1.000      1.000      7.270     48.300     51.000     51.000  1
     1.000      1.000      7.270     39.193     54.000     47.000  1
     1.000      1.000      7.270     56.200     48.000     50.000  1
     1.000      1.000      7.270     52.500     48.000     43.000  1
     1.000      1.000      7.270     51.600     50.000     47.000  1
     1.000      1.000      7.270     43.100     53.000     53.000  1
     1.000      0.000      7.270     53.400     49.000     52.000  1
     1.000      1.000      7.270     45.000     53.000     52.000  1
     1.000      1.000      7.270     39.735     48.000     54.400  1
     1.000      1.000      7.270     42.700     53.000     56.692  1
     1.000      1.000      7.270     37.300     54.000     45.404  1
     1.000      1.000      7.270     36.800     46.000     51.629  1
     1.000      1.000      7.270     52.300     50.000     50.000  1
     1.000      1.000      7.270     39.600     43.000     38.000  1
     1.000      1.000      7.270     44.300     51.000     48.000  1
     1.000      0.000      7.270     30.500     45.000     48.000  1
     1.000      1.000      7.270     60.000     52.000     50.367  1
     1.000      0.000     13.005     66.720     58.000     61.079  8
     1.000      1.000     13.005     48.700     53.000     51.000  8
     1.000      0.000     13.005     63.000     49.000     59.000  8
     1.000      1.000     13.005     56.200     53.000     64.000  8
     1.000      1.000     13.005     63.900     56.000     60.000  8
     1.000      0.000     13.005     55.500     56.000     55.000  8
     1.000      0.000     13.005     58.800     55.000     59.000  8
     1.000      1.000     13.005     51.800     46.000     62.134  8
     1.000      1.000     13.005     65.800     55.000     55.000  8
     1.000      0.000     13.005     48.500     49.000     54.000  8
     1.000      0.000     13.005     56.500     54.000     59.000  8
     1.000      1.000     13.005     49.000     50.000     55.000  8
     1.000      1.000     13.005     53.900     55.000     61.000  8
     1.000      1.000     13.005     58.100     50.000     54.000  8
     1.000      0.000     13.005     54.842     46.000     52.000  8
     1.000      0.000     13.005     37.300     47.000     49.179  8
     1.000      1.000     13.005     18.600     44.000     40.814  8
     1.000      1.000     13.005     47.600     52.000     56.527  8
     1.000      1.000     13.005     49.900     46.000     53.000  8
     1.000      0.000     13.005     59.120     60.000     62.000  8
     1.000      1.000     13.005     59.280     58.000     56.000  8
     1.000      0.000     13.005     55.800     53.000     55.000  8
     1.000      0.000     13.005     54.600     52.000     57.000  8
     1.000      1.000     13.005     58.300     61.000     59.000  8
     1.000      1.000     13.005     61.690     57.000     54.000  8
     1.000      1.000     13.005     56.200     49.000     55.000  8
     1.000      0.000     13.005     64.600     50.000     59.000  8
     1.000      0.000     13.005     56.200     52.000     59.000  8
     1.000      1.000     13.005     64.400     52.000     56.000  8
     1.000      1.000     13.005     63.200     50.000     55.152  8
     1.000      1.000     13.005     61.400     50.000     59.000  8
     1.000      1.000     13.005     60.000     55.000     43.075  8
     1.000      0.000     13.005     60.400     58.000     64.000  8
     1.000      0.000     13.005     65.600     54.000     63.000  8
     1.000      1.000     13.005     44.300     48.000     56.000  8
     1.000      0.000     13.005     56.200     53.000     51.878  8
     1.000      1.000     13.005     51.100     53.000     55.000  8
     1.000      1.000     13.005     57.900     60.000     56.000  8
     1.000      0.000     13.005     59.300     53.000     58.000  8
     1.000      0.000     13.005     55.100     54.000     53.000  8
     1.000      0.000     13.005     55.300     50.000     54.000  8
     1.000      1.000     13.005     47.552     39.000     57.000  8
     1.000      1.000     13.005     53.900     56.000     37.000  8
     1.000      1.000     13.005     50.400     51.000     57.000  8
     1.000      0.000     13.005     63.000     64.000     60.000  8
     1.000      1.000      9.656     54.600     48.000     56.440 26
     1.000      1.000      9.656     43.100     43.000     38.000 26
     1.000      1.000      9.656     35.200     50.000     49.000 26
     1.000      1.000      9.656     48.700     43.000     53.000 26
     1.000      1.000      9.656     49.000     38.000     53.000 26
     1.000      1.000      9.656     45.700     43.000     49.000 26
     1.000      1.000      9.656     55.100     46.000     64.000 26
     1.000      1.000      9.656     42.000     49.000     55.000 26
     1.000      1.000      9.656     56.000     51.000     58.071 26
     1.000      1.000      9.656     63.000     51.000     57.000 26
     1.000      1.000      9.656     43.100     46.000     46.000 26
     1.000      1.000      9.656     48.700     50.000     51.000 26
     1.000      1.000      9.656     48.000     47.000     56.000 26
     1.000      1.000      9.656     53.400     51.000     58.000 26
     1.000      1.000      9.656     38.900     47.000     55.143 26
     1.000      1.000      9.656     43.400     45.000     57.000 26
     1.000      1.000      9.656     42.000     51.000     50.000 26
     1.000      1.000      9.656     36.800     39.000     46.840 26
     1.000      1.000      9.656     47.100     50.000     56.000 26
     1.000      0.000      9.656     38.700     43.000     51.841 26
     1.000      1.000      9.656     28.200     47.000     62.000 26
     1.000      1.000      9.656     48.500     48.000     54.000 26
     1.000      1.000      9.656     43.600     47.000     54.473 26
     1.000      1.000      9.656     24.200     42.000     49.000 26
     1.000      1.000      9.656     40.100     50.000     56.000 26
     1.000      1.000      9.656     40.600     43.000     49.000 26
     1.000      1.000      9.656     58.600     61.000     59.000 26
     1.000      0.000      9.656     54.471     55.000     63.323 26
     1.000      1.000      9.656     45.500     52.000     55.000 26
     1.000      1.000      9.656     48.049     55.000     64.000 26
     1.000      0.000      9.656     44.300     56.000     52.906 26
     1.000      0.000      9.656     55.100     52.000     57.000 26
     1.000      1.000      9.656     49.900     52.000     59.000 26
     1.000      1.000      9.656     39.900     48.000     59.000 26
     1.000      1.000      9.656     53.000     49.000     60.000 26
     1.000      1.000      9.656     48.000     55.000     57.000 26
     1.000      1.000      9.656     52.000     51.000     59.000 26
     1.000      1.000      9.656     48.000     52.000     59.721 26
     1.000      1.000      9.656     52.000     45.000     51.000 26
     1.000      1.000      9.656     43.800     46.000     51.000 26
     1.000      1.000      9.656     57.200     54.000     56.000 26
     1.000      1.000      9.656     69.288     57.000     63.000 26
     1.000      1.000      9.656     26.300     54.000     53.000 26
     1.000      1.000      9.656     38.200     43.000     59.000 26
     1.000      1.000      9.656     42.000     45.000     53.000 26
     0.000      0.000      6.030     56.000     48.000     58.427 22
     0.000      0.000      6.030     51.678     48.000     49.000 22
     0.000      1.000      6.030     67.400     56.000     62.000 22
     0.000      1.000      6.030     45.000     50.000     55.000 22
     0.000      1.000      6.030     54.800     56.000     60.000 22
     0.000      0.000      6.030     56.680     53.000     51.225 22
     0.000      1.000      6.030     49.400     58.000     53.000 22
     0.000      1.000      6.030     70.200     54.000     59.000 22
     0.000      1.000      6.030     58.300     57.000     58.642 22
     0.000      1.000      6.030     60.200     56.000     60.000 22
     0.000      1.000      6.030     64.900     61.000     60.000 22
     0.000      0.000      6.030     68.400     50.000     56.000 22
     0.000      1.000      6.030     70.200     60.000     60.000 22
     0.000      1.000      6.030     49.900     52.000     60.000 22
     0.000      1.000      6.030     65.600     54.000     56.000 22
     0.000      0.000      6.030     70.900     57.000     59.000 22
     0.000      1.000      6.030     56.700     50.000     61.000 22
     0.000      1.000      6.030     70.500     49.000     57.000 22
     0.000      0.000      6.030     65.140     55.000     60.000 22
     0.000      1.000      6.030     69.300     51.000     58.058 22
     0.000      1.000      6.030     65.300     56.000     56.000 22
     0.000      1.000      6.030     60.000     52.000     59.000 22
     0.000      1.000      6.030     63.900     57.000     57.000 22
     0.000      1.000      6.030     40.600     44.000     46.000 22
     0.000      1.000      6.030     63.900     58.000     66.794 22
     0.000      1.000      6.030     64.400     53.000     55.000 22
     0.000      1.000      6.030     75.400     54.000     57.000 22
     0.000      1.000      6.030     64.400     66.000     51.000 22
     0.000      1.000      6.030     63.500     52.000     60.000 22
     0.000      1.000      6.030     59.500     52.000     55.000 22
     0.000      0.000      6.030     66.700     53.000     54.000 22
     0.000      1.000      6.030     58.300     55.000     63.000 22
     0.000      1.000      6.030     77.200     55.000     58.033 22
     0.000      1.000      6.030     52.300     53.000     60.000 22
     0.000      0.000      6.030     67.200     57.000     61.000 22
     0.000      1.000      6.030     67.200     55.000     60.000 22
     0.000      1.000      6.030     68.400     65.000     62.421 22
     0.000      1.000      6.030     32.400     45.000     50.000 22
     0.000      1.000      6.030     56.200     53.000     58.000 22
     0.000      1.000      6.030     61.600     54.000     55.000 22
     0.000      1.000      6.030     59.000     53.000     57.110 22
     0.000      1.000      6.030     61.600     61.000     58.737 22
     0.000      1.000      6.030     65.800     59.000     62.000 22
     0.000      1.000      6.030     68.800     57.000     63.000 22
     0.000      1.000      6.030     60.700     55.000     55.000 22
     0.000      1.000      6.030     55.300     55.000     49.075 22
     0.000      1.000      6.030     52.300     51.000     51.383 22
     0.000      0.000      6.030     68.800     58.000     63.000 22
     0.000      1.000      6.300     45.700     45.000     47.000 28
     0.000      1.000      6.300     48.500     46.000     42.000 28
     0.000      0.000      6.300     47.800     45.000     48.326 28
     0.000      0.000      6.300     52.300     47.000     44.000 28
     0.000      1.000      6.300     55.100     51.000     46.000 28
     0.000      1.000      6.300     54.600     56.000     46.000 28
     0.000      0.000      6.300     56.200     50.000     44.000 28
     0.000      1.000      6.300     54.100     48.000     46.000 28
     0.000      1.000      6.300     46.900     46.000     50.000 28
     0.000      1.000      6.300     38.200     47.000     43.000 28
     0.000      0.000      6.300     55.500     51.000     51.000 28
     0.000      1.000      6.300     46.735     53.000     55.000 28
     0.000      1.000      6.300     53.200     56.000     49.000 28
     0.000      1.000      6.300     37.500     48.000     43.000 28
     0.000      1.000      6.300     52.000     39.000     50.617 28
     0.000      1.000      6.300     53.200     47.000     49.000 28
     0.000      1.000      6.300     29.639     42.000     43.000 28
     0.000      1.000      6.300     48.716     50.000     57.000 28
     0.000      1.000      6.300     51.100     44.000     53.000 28
     0.000      1.000      6.300     48.000     42.000     48.505 28
     0.000      1.000      6.300     56.200     54.000     52.893 28
     0.000      1.000      6.300     46.900     50.000     45.000 28
     0.000      1.000      6.300     53.000     47.000     52.000 28
     0.000      1.000      6.300     45.000     43.000     47.000 28
     0.000      1.000      6.300     43.800     49.000     50.000 28
     0.000      1.000      6.300     54.100     53.000     63.000 28
     0.000      1.000      6.300     49.200     46.000     46.000 28
     0.000      1.000      6.300     52.192     49.000     57.000 28
     0.000      1.000      6.300     51.100     54.000     54.000 28
     0.000      1.000      6.300     54.100     51.000     53.000 28
     0.000      1.000      6.300     50.900     51.000     53.000 28
     0.000      1.000      6.300     48.700     53.000     51.000 28
     0.000      1.000      6.300     17.000     52.000     40.000 28
     0.000      1.000      6.300     37.100     51.000     37.000 28
     0.000      1.000      6.300     48.910     51.000     60.000 28
     0.000      1.000      6.300     53.400     47.000     51.000 28
     0.000      0.000      6.300     54.400     50.000     47.000 28
     0.000      1.000      6.300     48.000     46.000     49.748 28
     0.000      1.000      6.300     47.100     49.000     47.153 28
     0.000      1.000      6.300     46.900     50.000     49.000 28
     0.000      0.000      6.300     64.716     54.000     52.000 28
     0.000      1.000      6.300     55.100     57.000     59.000 28
     0.000      1.000      6.300     43.362     44.000     49.000 28
     0.000      1.000      6.300     44.196     53.000     54.000 28
     0.000      1.000      6.300     53.000     47.000     46.000 28
     0.000      1.000      6.300     48.500     48.000     46.000 28
     0.000      1.000      6.300     50.900     49.000     54.000 28
     0.000      1.000      6.300     36.400     47.000     38.000 28
     0.000      0.000      6.300     51.300     50.000     52.000 28
     0.000      1.000      6.300     40.300     49.000     43.000 28
     1.000      1.000     17.480     57.200     49.000     61.000  5
     1.000      1.000     17.480     61.100     49.000     52.000  5
     1.000      1.000     17.480     63.200     56.000     63.000  5
     1.000      1.000     17.480     57.600     46.000     54.000  5
     1.000      1.000     17.480     61.400     50.000     58.000  5
     1.000      1.000     17.480     56.000     56.000     50.000  5
     1.000      1.000     17.480     62.300     61.000     54.780  5
     1.000      0.000     17.480     65.100     52.000     58.000  5
     1.000      1.000     17.480     56.500     54.000     56.000  5
     1.000      1.000     17.480     65.600     57.000     61.170  5
     1.000      1.000     17.480     57.600     60.000     58.000  5
     1.000      1.000     17.480     53.400     43.000     55.000  5
     1.000      0.000     17.480     55.500     51.000     52.000  5
     1.000      1.000     17.480     61.800     52.000     56.000  5
     1.000      1.000     17.480     62.800     54.000     62.000  5
     1.000      1.000     17.480     61.600     50.000     51.000  5
     1.000      1.000     17.480     45.500     47.000     53.000  5
     1.000      1.000     17.480     36.400     46.000     52.000  5
     1.000      1.000     17.480     47.100     54.000     57.000  5
     1.000      1.000     17.480     47.300     38.000     52.000  5
     1.000      0.000     17.480     28.400     44.000     49.000  5
     1.000      1.000     17.480     35.400     40.000     51.000  5
     1.000      0.000     17.480     35.700     51.000     49.000  5
     1.000      1.000     17.480     48.500     47.000     51.000  5
     1.000      1.000     17.480     51.800     46.000     51.000  5
     1.000      1.000     17.480     55.430     48.000     53.000  5
     1.000      1.000     17.480     40.746     46.000     52.000  5
     1.000      1.000     17.480     46.400     48.000     52.000  5
     1.000      0.000     17.480     39.400     50.000     49.000  5
     1.000      1.000     17.480     37.800     51.000     46.316  5
     1.000      0.000     17.480     53.505     46.000     52.000  5
     1.000      1.000     17.480     46.200     48.000     55.092  5
     1.000      1.000     17.480     49.900     49.000     53.000  5
     1.000      1.000     17.480     49.400     48.000     54.000  5
     1.000      0.000     17.480     49.200     52.000     55.000  5
     1.000      1.000     17.480     45.000     47.000     55.000  5
     1.000      0.000     17.480     30.500     39.000     48.117  5
     1.000      1.000     17.480     50.200     48.000     54.000  5
     1.000      1.000     17.480     45.200     47.000     51.396  5
     1.000      1.000     17.480     43.600     43.000     49.000  5
     1.000      1.000     17.480     45.200     46.000     51.959  5
     1.000      1.000     17.480     36.400     50.000     49.677  5
     1.000      1.000     17.480     55.300     54.000     57.000  5
     1.000      1.000     17.480     57.200     43.000     51.000  5
     1.000      1.000     17.480     22.800     48.000     51.000  5
     1.000      1.000     17.480     53.400     51.000     52.000  5
     1.000      1.000     17.480     44.500     48.000     48.000  5
     1.000      1.000     17.480     56.700     54.000     61.700  5
     1.000      1.000     17.480     60.000     50.000     58.000  5
     1.000      1.000     17.480     57.340     52.000     55.000  5
     1.000      1.000     17.480     52.500     52.000     54.000  5
     1.000      1.000     17.480     59.500     52.000     58.000  5
     1.000      1.000     13.480     35.900     46.000     50.000  3
     1.000      1.000     13.480     10.000     50.000     42.789  3
     1.000      1.000     13.480     48.180     52.000     52.000  3
     1.000      1.000     13.480     54.600     46.000     56.713  3
     1.000      1.000     13.480     47.100     49.000     54.000  3
     1.000      1.000     13.480      6.200     45.000     46.000  3
     1.000      1.000     13.480     44.800     49.000     58.023  3
     1.000      1.000     13.480     51.300     54.000     57.000  3
     1.000      1.000     13.480     56.200     53.000     54.000  3
     1.000      1.000     13.480     34.300     51.000     46.000  3
     1.000      1.000     13.480     26.712     42.000     50.000  3
     1.000      1.000     13.480     62.800     48.000     59.000  3
     1.000      0.000     13.480     52.000     49.000     58.000  3
     1.000      1.000     13.480     30.814     46.000     43.000  3
     1.000      1.000     13.480     29.670     49.000     49.155  3
     1.000      1.000     13.480     25.400     45.000     48.000  3
     1.000      1.000     13.480     50.200     49.000     52.614  3
     1.000      1.000     13.480     49.231     52.000     63.000  3
     1.000      1.000     13.480     42.400     51.000     63.000  3
     1.000      0.000     13.480     46.400     51.000     58.000  3
     1.000      1.000     13.480     53.000     54.000     63.000  3
     1.000      1.000     13.480      6.000     37.000     37.000  3
     1.000      1.000     13.480     58.100     54.000     57.440  3
     1.000      1.000     13.480     53.900     53.000     59.000  3
     1.000      1.000     13.480     45.900     47.000     47.000  3
     1.000      1.000     13.480     43.100     38.000     59.000  3
     1.000      1.000     13.480     56.200     60.000     53.000  3
     1.000      0.000     13.480     51.100     51.000     54.000  3
     1.000      1.000     13.480     46.200     45.000     47.000  3
     1.000      1.000     13.480     36.400     46.000     49.531  3
     1.000      1.000     13.480     50.930     47.000     54.000  3
     1.000      1.000     13.480     25.200     48.000     45.396  3
     1.000      1.000     13.480     45.900     45.000     60.597  3
     1.000      1.000     13.480     38.200     46.000     39.000  3
     1.000      1.000     13.480     45.000     50.000     52.000  3
     1.000      1.000     13.480     38.000     46.000     46.647  3
     1.000      1.000     13.480     76.800     49.000     57.000  3
     1.000      0.000     13.480     50.200     48.000     38.000  3
     1.000      1.000     13.480     48.700     53.000     52.000  3
     1.000      1.000     13.480     42.000     47.000     48.000  3
     1.000      1.000     13.480     40.600     49.000     50.000  3
     1.000      1.000     13.480     49.000     53.000     51.000  3
     1.000      1.000     13.480     39.200     48.000     56.000  3
     1.000      1.000     13.480     48.300     48.000     55.399  3
     1.000      1.000     13.480     12.300     39.000     44.000  3
     1.000      0.000     13.480     49.000     49.000     51.000  3
     1.000      1.000     13.480     34.000     46.000     53.697  3
     1.000      1.000     13.480     51.100     48.000     53.000  3
     1.000      0.000     13.480     47.530     47.000     60.000  3
     1.000      1.000     13.480     49.400     50.000     57.000  3
     1.000      1.000     13.480     49.400     50.000     53.000  3
     1.000      1.000     13.480     22.600     45.000     57.000  3
     1.000      1.000     13.480     40.300     41.000     53.000  3
     1.000      0.000      8.160     60.400     52.000     54.824 13
     1.000      0.000      8.160     58.300     50.000     55.919 13
     1.000      0.000      8.160     49.000     51.000     55.410 13
     1.000      0.000      8.160     45.200     44.000     51.000 13
     1.000      0.000      8.160     61.600     55.000     58.000 13
     1.000      0.000      8.160     39.484     50.000     59.000 13
     1.000      1.000      8.160     58.600     55.000     57.000 13
     1.000      0.000      8.160     57.600     46.000     63.000 13
     1.000      0.000      8.160     56.000     53.000     56.603 13
     1.000      1.000      8.160     57.600     51.000     59.000 13
     1.000      0.000      8.160     51.600     42.000     64.000 13
     1.000      0.000      8.160     49.900     47.000     46.607 13
     1.000      1.000      8.160     50.600     43.000     59.000 13
     1.000      0.000      8.160     62.984     52.000     55.575 13
     1.000      0.000      8.160     57.600     54.000     51.000 13
     1.000      0.000      8.160     62.800     65.000     65.382 13
     1.000      0.000      8.160     62.500     49.000     59.000 13
     1.000      0.000      8.160     62.250     48.000     59.000 13
     1.000      0.000      8.160     53.200     47.000     59.000 13
     1.000      1.000      8.160     58.572     51.000     54.000 13
     1.000      0.000      8.160     54.400     43.000     52.000 13
     1.000      1.000      8.160     53.000     51.000     55.000 13
     1.000      1.000      8.160     35.000     50.000     56.000 13
     1.000      0.000      8.160     45.000     50.000     57.000 13
     1.000      0.000      8.160     45.900     42.000     52.000 13
     1.000      0.000      8.160     58.357     53.000     65.000 13
     1.000      0.000      8.160     36.100     43.000     46.000 13
     1.000      1.000      8.160     42.700     48.000     58.000 13
     1.000      1.000      8.160     47.240     54.000     55.960 13
     1.000      1.000      8.160     49.900     53.000     64.864 13
     1.000      0.000      8.160     60.400     60.000     63.000 13
     1.000      1.000      8.160     32.710     39.000     54.000 13
     1.000      0.000      8.160     54.800     57.000     55.000 13
     1.000      1.000      8.160     64.400     53.000     59.000 13
     1.000      1.000      8.160     42.000     46.000     43.000 13
     1.000      0.000      8.160     56.200     51.000     58.166 13
     1.000      0.000      8.160     34.500     48.000     46.000 13
     1.000      1.000      8.160     69.399     54.000     63.000 13
     1.000      1.000      8.160     53.000     56.000     63.000 13
     1.000      0.000      8.160     49.700     53.000     60.000 13
     1.000      0.000      8.160     50.955     43.000     64.000 13
     1.000      1.000      8.160     47.800     50.000     57.000 13
     1.000      1.000      8.160     55.300     47.000     53.000 13
     1.000      0.000      8.160     39.600     42.000     52.000 13
     1.000      0.000      8.160     53.700     43.000     57.245 13
     1.000      1.000      8.160     41.500     52.000     56.443 13
     1.000      0.000      8.160     60.400     52.000     56.000 13
     1.000      0.000      8.160     45.000     45.000     56.000 13
     1.000      1.000      8.160     51.800     46.000     53.000 13
     1.000      1.000      8.160     61.800     55.000     63.000 13
     1.000      0.000      8.160     64.400     53.000     64.000 13
     1.000      1.000      8.160     43.800     43.000     54.000 13
     1.000      0.000      8.160     61.100     52.000     50.000 13
     1.000      1.000      8.160     50.200     42.000     56.841 13
     1.000      0.000      8.160     63.500     50.000     61.816 13
     1.000      1.000      8.690     42.000     53.000     63.000 20
     1.000      1.000      8.690     54.408     53.000     63.000 20
     1.000      1.000      8.690     51.100     54.000     63.000 20
     1.000      1.000      8.690     41.700     50.000     57.000 20
     1.000      1.000      8.690     51.600     57.000     55.000 20
     1.000      1.000      8.690     47.300     53.000     55.000 20
     1.000      1.000      8.690     40.600     49.000     63.000 20
     1.000      1.000      8.690     45.700     43.000     59.000 20
     1.000      1.000      8.690     55.800     52.000     60.000 20
     1.000      1.000      8.690     58.600     56.000     59.540 20
     1.000      1.000      8.690     58.600     57.000     64.000 20
     1.000      1.000      8.690     64.200     50.000     64.000 20
     1.000      1.000      8.690     60.200     55.000     53.000 20
     1.000      1.000      8.690     57.600     52.000     63.000 20
     1.000      1.000      8.690     55.100     49.000     54.620 20
     1.000      1.000      8.690     52.300     48.000     55.026 20
     1.000      0.000      8.690     40.600     49.000     63.000 20
     1.000      1.000      8.690     37.300     50.000     48.178 20
     1.000      1.000      8.690     42.700     42.000     56.328 20
     1.000      0.000      8.690     47.600     48.000     56.000 20
     1.000      1.000      8.690     56.700     55.000     60.000 20
     1.000      1.000      8.690     43.800     51.000     56.000 20
     1.000      1.000      8.690     58.100     58.000     64.000 20
     1.000      1.000      8.690     59.700     49.000     58.000 20
     1.000      1.000      8.690     57.690     57.000     62.000 20
     1.000      1.000      8.690     47.800     43.000     60.000 20
     1.000      0.000      8.690     43.100     52.000     56.145 20
     1.000      1.000      8.690     61.800     53.000     57.000 20
     1.000      1.000      8.690     59.300     50.000     56.000 20
     1.000      1.000      8.690     53.700     53.000     59.000 20
     1.000      1.000      8.690     53.700     58.000     63.000 20
     1.000      1.000      8.690     59.230     60.000     63.000 20
     1.000      1.000      8.690     55.100     53.000     59.000 20
     1.000      1.000      8.690     59.300     54.000     58.972 20
     1.000      1.000      8.690     59.500     61.000     64.000 20
     1.000      1.000      8.690     56.200     54.000     63.020 20
     1.000      0.000      8.690     45.200     48.000     63.000 20
     1.000      1.000      8.690     64.200     58.000     63.000 20
     1.000      1.000      8.690     39.600     46.000     47.000 20
     1.000      1.000      8.690     38.200     48.000     59.000 20
     1.000      1.000      8.690     56.200     46.000     56.128 20
     1.000      1.000      8.690     51.300     50.000     53.746 20
     1.000      1.000      8.690     71.900     54.000     59.000 20
     1.000      1.000      8.690     57.580     58.000     64.000 20
     1.000      0.000      8.690     37.300     48.000     48.046 20
     1.000      1.000      8.690     48.571     43.000     60.000 20
     1.000      1.000      8.690     50.200     48.000     57.000 20
     1.000      0.000      8.690     55.800     52.000     54.124 20
     1.000      1.000      8.690     62.500     55.000     64.000 20
     1.000      1.000      8.690     59.300     57.000     64.000 20
     1.000      1.000      8.690     55.180     56.000     62.901 20
     1.000      1.000      8.690     38.200     46.000     50.000 20
     1.000      1.000      8.690     61.400     60.000     59.000 20
     1.000      1.000      8.690     53.200     54.000     55.697 20
     1.000      1.000      8.690     58.600     51.000     63.000 20
     1.000      1.000      8.690     56.900     53.000     55.000 20
     1.000      1.000      8.690     55.100     49.000     64.000 20
     1.000      0.000      8.690     50.200     44.000     62.397 20
     1.000      1.000      8.690     49.700     48.000     59.000 20
     1.000      1.000      8.690     48.594     47.000     54.000 20
     1.000      1.000      8.690     56.500     57.000     58.288 20
