     1.000      1.000      6.680     45.700     48.000     52.000 24
     1.000      1.000      6.680     46.600     46.000     54.801 24
     1.000      1.000      6.680     39.200     47.000     53.038 24
     1.000      0.000      6.680     43.400     43.000     50.000 24
     1.000      1.000      6.680     65.800     57.000     60.000 24
     1.000      1.000      6.680     46.900     53.000     62.035 24
     1.000      1.000      6.680     32.069     42.000     43.000 24
     1.000      1.000      6.680     45.339     49.000     52.000 24
     1.000      0.000      6.680     56.500     46.000     52.000 24
     1.000      1.000      6.680     45.000     53.000     57.000 24
     1.000      1.000      6.680     56.900     53.000     50.000 24
     1.000      1.000      6.680     47.100     56.000     55.000 24
     1.000      1.000      6.680     51.300     47.000     48.000 24
     0.000      1.000     12.610     58.100     52.000     52.000 27
     0.000      1.000     12.610     58.300     49.000     50.189 27
     0.000      0.000     12.610     64.200     47.000     57.000 27
     0.000      1.000     12.610     62.500     53.000     62.000 27
     0.000      1.000     12.610     58.300     48.000     53.000 27
     0.000      1.000     12.610     64.600     50.000     54.000 27
     0.000      1.000     12.610     58.600     50.000     57.000 27
     0.000      1.000     12.610     67.400     61.000     58.000 27
     0.000      1.000     12.610     59.700     50.000     59.000 27
     0.000      1.000     12.610     50.600     47.000     53.000 27
     0.000      1.000     12.610     45.900     49.000     51.000 27
     0.000      1.000     12.610     55.500     46.000     56.000 27
     0.000      0.000     12.610     55.800     47.000     51.000 27
     0.000      1.000     12.610     48.300     52.000     56.000 27
     0.000      1.000     12.610     50.600     52.000     56.000 27
     0.000      1.000     12.990     48.500     49.000     57.000 11
     0.000      1.000     12.990     51.600     53.000     55.000 11
     0.000      1.000     12.990     55.300     49.000     55.000 11
     0.000      0.000     12.990     51.800     42.000     48.000 11
     0.000      1.000     12.990     54.800     52.000     63.000 11
     0.000      1.000     12.990     33.465     42.000     50.000 11
     0.000      1.000     12.990     51.100     47.000     56.000 11
     0.000      0.000     12.990     51.600     45.000     56.000 11
     0.000      1.000     12.990     71.453     50.000     55.000 11
     0.000      0.000     12.990     49.200     43.000     52.000 11
     0.000      1.000     12.990     54.400     51.000     53.500 11
     0.000      1.000     12.990     56.200     48.000     55.000 11
     0.000      1.000     12.990     53.900     54.000     55.000 11
     0.000      1.000     12.990     48.700     54.000     54.000 11
     0.000      1.000     12.990     48.300     48.000     55.000 11
     0.000      1.000     12.990     17.400     43.000     43.000 11
     0.000      1.000     10.846     53.700     50.000     52.000 21
     0.000      1.000     10.846     44.206     46.000     48.738 21
     0.000      1.000     10.846     54.400     50.000     51.000 21
     0.000      1.000     10.846     55.500     61.000     57.000 21
     0.000      1.000     10.846     62.100     42.000     54.000 21
     0.000      1.000     10.846     52.500     51.000     42.000 21
     0.000      1.000     10.846     49.900     45.000     49.000 21
     0.000      1.000     10.846     49.400     50.000     55.000 21
     0.000      1.000     10.846     43.664     50.000     56.000 21
     0.000      1.000     10.846     54.100     38.000     50.150 21
     0.000      1.000     10.846     52.500     48.000     52.000 21
     0.000      1.000     10.846     53.400     44.000     43.000 21
     0.000      1.000     10.846     54.600     50.000     42.000 21
     0.000      0.000     10.846     56.500     50.000     56.000 21
     0.000      1.000     10.846     52.500     55.000     54.000 21
     0.000      1.000     10.846     52.500     52.000     46.000 21
     0.000      1.000      9.850     45.000     50.000     54.000 29
     0.000      0.000      9.850     43.100     49.000     53.000 29
     0.000      1.000      9.850     41.300     48.000     52.000 29
     0.000      1.000      9.850     22.054     44.000     38.000 29
     0.000      1.000      9.850     56.900     48.000     53.000 29
     0.000      1.000      9.850     30.300     48.000     45.000 29
     0.000      1.000      9.850     52.700     52.000     43.000 29
     0.000      1.000      9.850     48.700     51.000     39.000 29
     0.000      1.000      9.850     65.300     50.000     52.000 29
     0.000      1.000      9.850     44.800     45.000     46.000 29
     0.000      1.000      9.850     54.400     56.000     55.000 29
     0.000      1.000      9.850     37.800     42.000     45.000 29
     0.000      1.000      9.850     37.100     42.000     45.153 29
     0.000      1.000      9.850     41.700     43.000     42.000 29
     0.000      1.000      9.850     44.100     44.000     45.000 29
     0.000      1.000      9.850     45.700     49.000     55.000 29
     0.000      1.000      8.500     62.100     61.000     51.000  9
     0.000      0.000      8.500     42.700     50.000     51.443  9
     0.000      1.000      8.500     45.700     47.000     50.000  9
     0.000      0.000      8.500     52.700     51.000     60.000  9
     0.000      1.000      8.500     51.300     49.000     38.000  9
     0.000      0.000      8.500     57.724     56.000     55.000  9
     0.000      1.000      8.500     50.900     50.000     55.000  9
     0.000      1.000      8.500     49.400     56.000     52.000  9
     0.000      1.000      8.500     55.560     52.000     52.646  9
     0.000      1.000      8.500     46.400     52.000     62.000  9
     0.000      1.000      8.500     56.000     38.000     52.000  9
     0.000      0.000      8.500     52.700     54.000     54.000  9
     0.000      1.000      8.500     54.600     52.000     55.000  9
     0.000      1.000      8.500     61.800     56.000     62.000  9
     0.000      1.000      8.500     50.600     48.000     49.000  9
     0.000      1.000      8.500     54.800     48.000     48.000  9
     0.000      1.000      8.500     57.400     50.000     55.000  9
     0.000      1.000      8.500     57.600     52.000     53.000  9
     0.000      1.000      8.500     61.100     53.000     45.000  9
     0.000      1.000      8.500     57.200     55.000     62.000  9
     1.000      1.000      9.160      5.300     38.000     43.000  4
     1.000      1.000      9.160     34.000     39.000     51.000  4
     1.000      1.000      9.160     54.600     48.000     64.000  4
     1.000      1.000      9.160     43.400     39.000     55.000  4
     1.000      1.000      9.160     38.000     42.000     51.000  4
     1.000      1.000      9.160     59.700     50.000     52.000  4
     1.000      1.000      9.160     35.900     47.000     43.000  4
     1.000      1.000      9.160     57.400     53.000     55.000  4
     1.000      1.000      9.160     52.500     58.000     54.000  4
     1.000      1.000      9.160     56.500     49.000     49.000  4
     1.000      1.000      9.160     47.600     49.000     58.307  4
     1.000      1.000      9.160     51.686     53.000     55.000  4
     1.000      1.000      9.160     54.600     48.000     51.000  4
     1.000      1.000      9.160     45.500     46.000     48.000  4
     1.000      1.000      9.160     41.700     47.000     54.000  4
     1.000      1.000      9.160     57.400     52.000     55.000  4
     1.000      1.000      9.160     56.200     53.000     55.000  4
     1.000      1.000      9.160     50.900     47.000     49.000  4
     1.000      1.000      9.160     32.720     40.000     47.000  4
     1.000      1.000      9.160     55.500     46.000     54.000  4
     1.000      1.000      9.160     63.700     55.000     59.000  4
     1.000      1.000      6.860     62.600     54.000     59.000 16
     1.000      0.000      6.860     55.300     49.000     61.000 16
     1.000      1.000      6.860     50.400     60.000     59.000 16
     1.000      1.000      6.860     52.300     59.000     59.616 16
     1.000      0.000      6.860     45.700     53.000     53.069 16
     1.000      1.000      6.860     47.300     54.000     50.472 16
     1.000      0.000      6.860     44.100     61.000     61.000 16
     1.000      0.000      6.860     54.400     48.000     55.790 16
     1.000      1.000      6.860     43.800     43.000     51.723 16
     1.000      1.000      6.860     51.800     51.000     58.000 16
     1.000      1.000      6.860     47.800     51.000     59.000 16
     1.000      1.000      6.860     51.300     51.000     54.000 16
     1.000      1.000      6.860      6.500     39.000     47.000 16
     1.000      0.000      6.860     53.700     45.000     64.000 16
     1.000      1.000      6.860     43.800     43.000     50.000 16
     1.000      1.000      6.860     51.100     55.000     57.000 16
     1.000      1.000      6.860     53.000     46.000     50.000 16
     1.000      1.000      6.860     42.200     51.000     54.000 16
     1.000      1.000      6.860     68.600     58.000     64.000 16
     1.000      1.000      6.860     59.378     52.000     55.050 16
     1.000      1.000      6.860     51.800     46.000     56.686 16
     1.000      1.000      6.860     50.400     49.000     55.000 16
     1.000      1.000      6.860     39.400     51.000     42.000 16
     0.000      1.000     24.600     53.700     49.000     63.000 25
     0.000      0.000     24.600     57.900     48.000     53.000 25
     0.000      0.000     24.600     68.600     54.000     54.674 25
     0.000      1.000     24.600     58.600     52.000     45.526 25
     0.000      1.000     24.600     58.800     55.000     57.000 25
     0.000      1.000     24.600     53.700     49.000     63.335 25
     0.000      0.000     24.600     52.700     50.000     51.000 25
     0.000      1.000     24.600     63.000     48.000     57.000 25
     0.000      1.000     24.600     40.100     47.000     49.000 25
     0.000      1.000     24.600     46.847     43.000     57.143 25
     0.000      0.000     24.600     60.400     58.000     54.693 25
     0.000      1.000     24.600     63.000     56.000     52.997 25
     0.000      0.000     24.600     63.500     50.000     56.000 25
     0.000      1.000     24.600     59.300     50.000     53.133 25
     0.000      1.000     24.600     51.800     53.000     58.000 25
     0.000      0.000     24.600     58.100     51.000     56.000 25
     0.000      0.000     24.600     56.900     52.000     45.000 25
     0.000      1.000     24.600     63.500     52.000     56.000 25
     0.000      1.000     24.600     45.500     38.000     53.000 25
     0.000      0.000     24.600     60.900     55.000     65.000 25
     0.000      1.000     24.600     35.200     39.000     47.302 25
     0.000      0.000     24.600     55.500     61.000     59.000 25
     0.000      0.000     24.600     54.600     57.000     59.165 25
     0.000      0.000     24.600     59.700     54.000     59.000 25
     0.000      1.000      8.150     52.300     44.000     56.622 19
     0.000      1.000      8.150     50.900     52.000     55.000 19
     0.000      1.000      8.150     59.000     42.000     57.220 19
     0.000      1.000      8.150     63.500     55.000     51.000 19
     0.000      1.000      8.150     49.700     45.000     45.056 19
     0.000      1.000      8.150     54.600     57.000     51.000 19
     0.000      1.000      8.150     36.600     49.000     51.532 19
     0.000      1.000      8.150     54.600     56.000     47.000 19
     0.000      1.000      8.150     54.400     52.000     53.000 19
     0.000      0.000      8.150     53.900     50.000     55.000 19
     0.000      0.000      8.150     53.442     59.000     58.000 19
     0.000      1.000      8.150     60.900     58.000     64.000 19
     0.000      1.000      8.150     65.600     65.000     58.954 19
     0.000      0.000      8.150     57.600     60.000     50.175 19
     0.000      0.000      8.150     67.700     56.000     60.000 19
     0.000      1.000      8.150     56.000     55.000     63.000 19
     0.000      1.000      8.150     51.998     53.000     54.267 19
     0.000      1.000      8.150     61.600     54.000     54.000 19
     0.000      1.000      8.150     29.600     45.000     51.000 19
     0.000      0.000      8.150     52.000     52.000     56.000 19
     0.000      1.000      8.150     40.800     53.000     50.236 19
     0.000      0.000      8.150     38.900     46.000     54.355 19
     0.000      1.000      8.150     56.200     56.000     50.000 19
     0.000      0.000      8.150     54.400     55.000     53.341 19
     0.000      1.000      8.150     46.600     46.000     46.692 19
     0.000      1.000      8.150     46.400     43.000     60.000 19
     0.000      1.000      8.150     42.400     49.000     45.000 19
     1.000      1.000      8.700     30.800     47.000     56.000 18
     1.000      0.000      8.700     44.800     49.000     46.541 18
     1.000      1.000      8.700     44.500     49.000     53.049 18
     1.000      1.000      8.700     58.300     49.000     54.000 18
     1.000      1.000      8.700     44.100     45.000     48.000 18
     1.000      1.000      8.700     46.200     49.000     58.000 18
     1.000      1.000      8.700     48.700     46.000     37.000 18
     1.000      1.000      8.700     45.900     52.000     52.314 18
     1.000      1.000      8.700     51.100     49.000     62.000 18
     1.000      1.000      8.700     61.755     54.000     64.225 18
     1.000      1.000      8.700     57.900     57.000     54.000 18
     1.000      1.000      8.700     53.400     53.000     56.325 18
     1.000      0.000      8.700     53.900     54.000     59.000 18
     1.000      1.000      8.700     52.000     52.000     57.701 18
     1.000      1.000      8.700     54.790     54.000     54.000 18
     1.000      1.000      8.700     47.300     51.000     56.000 18
     1.000      1.000      8.700     48.700     48.000     63.000 18
     1.000      1.000      8.700     62.500     52.000     63.000 18
     1.000      1.000      8.700     49.000     49.000     44.139 18
     1.000      1.000      8.700     50.670     46.000     54.000 18
     1.000      1.000      8.700     35.200     44.000     43.000 18
     1.000      1.000      8.700     52.000     52.000     60.000 18
     1.000      1.000      8.700     48.000     53.000     56.000 18
     1.000      1.000      8.700     61.800     58.000     63.000 18
     1.000      1.000      8.700     57.200     57.000     54.000 18
     1.000      1.000      8.700     56.900     56.000     60.000 18
     1.000      1.000      8.700     41.000     46.000     52.000 18
     1.000      1.000      8.700     56.700     47.000     55.000 18
     1.000      1.000     13.120     62.500     60.000     63.000 10
     1.000      0.000     13.120     57.400     49.000     55.000 10
     1.000      1.000     13.120     55.515     55.000     63.000 10
     1.000      1.000     13.120     56.500     53.000     61.543 10
     1.000      0.000     13.120     57.900     53.000     52.000 10
     1.000      1.000     13.120     57.400     52.000     55.000 10
     1.000      1.000     13.120     64.900     61.000     64.000 10
     1.000      1.000     13.120     57.400     56.000     57.000 10
     1.000      1.000     13.120     65.100     53.000     60.000 10
     1.000      0.000     13.120     52.000     48.000     53.000 10
     1.000      1.000     13.120     41.500     48.000     56.000 10
     1.000      0.000     13.120     57.200     59.000     59.000 10
     1.000      1.000     13.120     57.200     50.000     61.505 10
     1.000      1.000     13.120     54.800     54.000     53.000 10
     1.000      1.000     13.120     54.400     54.000     63.693 10
     1.000      1.000     13.120     54.400     56.000     62.000 10
     1.000      1.000     13.120     55.800     51.000     65.000 10
     1.000      1.000     13.120     57.600     52.000     57.953 10
     1.000      0.000     13.120     42.000     39.000     57.148 10
     1.000      1.000     13.120     41.300     45.000     52.000 10
     1.000      1.000     13.120     38.900     52.000     57.000 10
     1.000      1.000     13.120     57.900     39.000     56.000 10
     1.000      1.000     13.120     66.723     48.000     54.000 10
     1.000      1.000     13.120     59.300     55.000     59.000 10
     1.000      0.000     13.120     45.200     50.000     57.000 10
     1.000      1.000     13.120     58.600     57.000     63.000 10
     1.000      1.000     13.120     49.400     45.000     56.000 10
     1.000      1.000     13.120     54.600     47.000     57.928 10
     1.000      1.000     13.120     59.300     54.000     57.315 10
     1.000      1.000      6.970     61.800     55.000     54.000 12
     1.000      1.000      6.970     48.163     38.000     49.490 12
     1.000      1.000      6.970     59.700     55.000     53.803 12
     1.000      1.000      6.970     52.000     56.000     52.000 12
     1.000      1.000      6.970     61.400     58.000     54.000 12
     1.000      1.000      6.970     53.200     48.000     47.000 12
     1.000      1.000      6.970     70.200     58.000     52.000 12
     1.000      1.000      6.970     27.300     43.000     43.000 12
     1.000      1.000      6.970     49.200     48.000     46.000 12
     1.000      1.000      6.970     46.600     50.000     49.000 12
     1.000      1.000      6.970     70.500     57.000     55.000 12
     1.000      0.000      6.970     87.800     65.000     59.000 12
     1.000      1.000      6.970     60.900     53.000     55.523 12
     1.000      1.000      6.970     54.400     58.000     54.000 12
     1.000      1.000      6.970     54.480     48.000     51.000 12
     1.000      1.000      6.970     35.400     46.000     54.000 12
     1.000      1.000      6.970     48.000     51.000     52.000 12
     1.000      1.000      6.970     46.900     48.000     47.473 12
     1.000      1.000      6.970     56.700     52.000     51.000 12
     1.000      1.000      6.970     43.600     46.000     52.000 12
     1.000      1.000      6.970     52.717     47.000     47.247 12
     1.000      1.000      6.970     50.900     51.000     57.000 12
     1.000      1.000      6.970     43.600     39.000     48.000 12
     1.000      1.000      6.970     54.400     50.000     51.430 12
     1.000      0.000      6.970     61.600     56.000     62.000 12
     1.000      1.000      6.970     64.600     56.000     55.521 12
     1.000      1.000      6.970     64.400     51.000     56.000 12
     1.000      1.000      6.970     44.100     45.000     47.000 12
     1.000      0.000      6.970     57.600     49.000     57.092 12
     1.000      1.000     12.980     50.900     51.000     57.543 17
     1.000      1.000     12.980     47.800     51.000     62.000 17
     1.000      1.000     12.980     54.600     58.000     57.000 17
     1.000      0.000     12.980     62.300     56.000     61.000 17
     1.000      1.000     12.980     44.800     48.000     58.559 17
     1.000      1.000     12.980     38.700     55.000     52.000 17
     1.000      1.000     12.980     64.200     52.000     45.000 17
     1.000      1.000     12.980     47.600     45.000     59.000 17
     1.000      1.000     12.980     58.600     53.000     59.000 17
     1.000      1.000     12.980     55.500     54.000     61.777 17
     1.000      1.000     12.980     46.600     52.000     55.000 17
     1.000      0.000     12.980     63.700     54.000     59.000 17
     1.000      0.000     12.980     44.800     51.000     58.000 17
     1.000      0.000     12.980     54.600     48.000     59.000 17
     1.000      0.000     12.980     35.000     48.000     56.000 17
     1.000      1.000     12.980     52.000     42.000     58.000 17
     1.000      0.000     12.980     54.100     53.000     55.493 17
     1.000      1.000     12.980     56.900     55.000     63.000 17
     1.000      1.000     12.980     55.500     49.000     55.000 17
     1.000      0.000     12.980     53.000     47.000     49.000 17
     1.000      1.000     12.980     55.270     55.000     52.549 17
     1.000      0.000     12.980     52.230     56.000     54.000 17
     1.000      0.000     12.980     43.400     51.000     58.000 17
     1.000      1.000     12.980     59.175     50.000     55.000 17
     1.000      0.000     12.980     61.800     52.000     59.000 17
     1.000      0.000     12.980     60.700     46.000     59.000 17
     1.000      1.000     12.980     42.200     42.000     51.000 17
     1.000      0.000     12.980     62.300     55.000     60.000 17
     1.000      1.000     12.980     56.000     56.000     62.000 17
     1.000      0.000     12.980     52.300     50.000     46.000 17
     1.000      1.000     12.980     62.500     57.000     62.000 17
     1.000      0.000     12.980     39.600     47.000     55.763 17
     1.000      1.000     12.980     41.000     44.000     49.000 17
     1.000      1.000      7.570     49.000     48.000     53.000 14
     1.000      1.000      7.570     39.900     52.000     55.000 14
     1.000      1.000      7.570     49.000     49.000     54.000 14
     1.000      1.000      7.570     57.088     48.000     57.228 14
     1.000      1.000      7.570     59.440     58.000     64.000 14
     1.000      1.000      7.570     47.300     55.000     45.942 14
     1.000      1.000      7.570     63.200     51.000     58.000 14
     1.000      0.000      7.570     40.300     42.000     54.665 14
     1.000      1.000      7.570     56.600     49.000     58.000 14
     1.000      1.000      7.570     58.300     54.000     62.000 14
     1.000      0.000      7.570     54.100     50.000     64.000 14
     1.000      1.000      7.570     49.810     48.000     51.829 14
     1.000      1.000      7.570     51.100     52.000     52.980 14
     1.000      1.000      7.570     53.400     46.000     47.000 14
     1.000      1.000      7.570     41.700     47.000     54.000 14
     1.000      1.000      7.570     62.100     48.000     52.135 14
     1.000      1.000      7.570     63.700     54.000     56.000 14
     1.000      1.000      7.570     50.200     53.000     63.000 14
     1.000      1.000      7.570     48.000     43.000     60.948 14
     1.000      1.000      7.570     51.600     50.000     60.000 14
     1.000      1.000      7.570     56.500     44.000     54.000 14
     1.000      1.000      7.570     55.500     39.000     59.000 14
     1.000      1.000      7.570     58.100     51.000     53.000 14
     1.000      1.000      7.570     46.400     50.000     46.000 14
     1.000      1.000      7.570     24.200     38.000     53.000 14
     1.000      1.000      7.570     55.600     46.000     57.000 14
     1.000      1.000      7.570     44.100     44.000     63.000 14
     1.000      1.000      7.570     38.200     42.000     59.000 14
     1.000      1.000      7.570     44.300     48.000     53.000 14
     1.000      1.000      7.570     42.400     48.000     47.148 14
     1.000      1.000      7.570     54.600     52.000     64.000 14
     1.000      1.000      7.570     45.000     47.000     49.000 14
     1.000      1.000      7.570     44.300     48.000     55.000 14
     1.000      1.000      7.570     53.700     52.000     61.012 14
     0.000      1.000      9.610     41.500     43.000     46.000  6
     0.000      1.000      9.610     55.500     52.000     53.504  6
     0.000      1.000      9.610     56.700     57.000     55.000  6
     0.000      1.000      9.610     51.800     55.000     60.000  6
     0.000      1.000      9.610     50.200     58.000     45.942  6
     0.000      1.000      9.610     38.700     45.000     50.000  6
     0.000      1.000      9.610     39.400     44.000     49.000  6
     0.000      1.000      9.610     33.300     42.000     48.000  6
     0.000      1.000      9.610     36.128     50.000     43.000  6
     0.000      1.000      9.610     38.500     45.000     55.000  6
     0.000      1.000      9.610      6.000     43.000     39.000  6
     0.000      1.000      9.610     55.500     49.000     56.000  6
     0.000      1.000      9.610     42.200     48.000     45.000  6
     0.000      1.000      9.610     54.600     53.000     52.833  6
     0.000      1.000      9.610     47.800     52.000     55.000  6
     0.000      1.000      9.610     59.915     43.000     60.000  6
     0.000      1.000      9.610     49.700     50.000     51.643  6
     0.000      1.000      9.610     51.100     52.000     53.000  6
     0.000      1.000      9.610     52.300     45.000     54.000  6
     0.000      1.000      9.610     55.300     46.000     52.000  6
     0.000      1.000      9.610     59.500     53.000     56.000  6
     0.000      1.000      9.610     35.900     49.000     54.000  6
     0.000      1.000      9.610     43.800     46.000     53.000  6
     0.000      1.000      9.610     51.100     51.000     51.000  6
     0.000      1.000      9.610     46.600     43.000     49.000  6
     0.000      1.000      9.610     45.200     42.000     47.000  6
     0.000      1.000      9.610     49.000     52.000     59.000  6
     0.000      1.000      9.610     57.200     44.000     49.000  6
     0.000      1.000      9.610     61.170     57.000     63.000  6
     0.000      1.000      9.610     68.400     57.000     60.000  6
     0.000      1.000      9.610     46.200     47.000     48.252  6
     0.000      1.000      9.610     28.195     48.000     51.000  6
     0.000      1.000      9.610     37.500     46.000     54.000  6
     0.000      1.000      9.610     42.700     43.000     46.000  6
     0.000      1.000      9.610     51.600     46.000     46.000  6
     0.000      1.000      9.460     48.712     52.000     53.000  7
     0.000      1.000      9.460     44.800     48.000     63.595  7
     0.000      1.000      9.460     43.600     51.000     49.760  7
     0.000      1.000      9.460     52.115     52.000     54.000  7
     0.000      1.000      9.460     37.800     46.000     48.585  7
     0.000      0.000      9.460     45.200     50.000     55.000  7
     0.000      0.000      9.460     44.500     44.000     47.000  7
     0.000      1.000      9.460     45.000     51.000     54.000  7
     0.000      1.000      9.460     43.580     49.000     47.000  7
     0.000      1.000      9.460     44.800     46.000     48.000  7
     0.000      0.000      9.460     39.200     45.000     56.000  7
     0.000      1.000      9.460     47.600     43.000     52.000  7
     0.000      1.000      9.460     44.315     54.000     56.000  7
     0.000      1.000      9.460     40.600     47.000     45.000  7
     0.000      1.000      9.460     46.400     52.000     53.000  7
     0.000      0.000      9.460     41.500     49.000     54.000  7
     0.000      0.000      9.460     40.800     46.000     51.000  7
     0.000      1.000      9.460     46.900     50.000     60.834  7
     0.000      1.000      9.460     39.600     44.000     44.000  7
     0.000      1.000      9.460     36.400     43.000     50.000  7
     0.000      1.000      9.460     62.440     49.000     54.000  7
     0.000      1.000      9.460     47.100     39.000     55.000  7
     0.000      1.000      9.460     47.300     43.000     54.412  7
     0.000      1.000      9.460     47.600     47.000     53.000  7
     0.000      1.000      9.460     45.700     49.000     52.000  7
     0.000      1.000      9.460     64.398     49.000     52.000  7
     0.000      1.000      9.460     39.200     48.000     56.431  7
     0.000      1.000      9.460     25.600     46.000     56.000  7
     0.000      1.000      9.460     47.300     45.000     56.000  7
     0.000      0.000      9.460     44.960     42.000     47.102  7
     0.000      1.000      9.460     44.300     39.000     51.000  7
     0.000      1.000      9.460     58.866     56.000     63.000  7
     0.000      1.000      9.460     42.000     42.000     49.000  7
     0.000      1.000      9.460     48.500     50.000     64.000  7
     0.000      1.000      9.460     26.100     47.000     47.000  7
     0.000      1.000      5.120     34.500     50.000     55.000 15
     0.000      1.000      5.120     72.300     58.000     61.000 15
     0.000      1.000      5.120     46.667     47.000     49.000 15
     0.000      1.000      5.120     47.300     48.000     53.000 15
     0.000      1.000      5.120     37.800     38.000     42.000 15
     0.000      1.000      5.120     42.564     48.000     49.000 15
     0.000      1.000      5.120     51.100     46.000     55.000 15
     0.000      1.000      5.120     49.200     48.000     53.000 15
     0.000      0.000      5.120     55.300     56.000     61.000 15
     0.000      1.000      5.120     47.130     56.000     54.000 15
     0.000      1.000      5.120     40.100     48.000     54.000 15
     0.000      1.000      5.120     51.800     51.000     47.000 15
     0.000      1.000      5.120     51.300     52.000     62.485 15
     0.000      1.000      5.120     54.821     52.000     56.000 15
     0.000      1.000      5.120     47.800     49.000     52.822 15
     0.000      1.000      5.120     54.800     42.000     52.000 15
     0.000      1.000      5.120     34.300     43.000     49.695 15
     0.000      1.000      5.120     24.000     46.000     51.000 15
     0.000      0.000      5.120     58.800     50.000     53.000 15
     0.000      1.000      5.120     43.800     50.000     56.264 15
     0.000      1.000      5.120     42.000     50.000     53.000 15
     0.000      1.000      5.120     49.400     50.000     59.000 15
     0.000      0.000      5.120     41.700     42.000     53.000 15
     0.000      1.000      5.120     50.200     45.000     51.000 15
     0.000      1.000      5.120     51.800     57.000     55.000 15
     0.000      1.000      5.120     53.000     49.000     52.000 15
     0.000      0.000      5.120     60.400     51.000     52.000 15
     0.000      1.000      5.120     44.500     54.000     64.000 15
     0.000      1.000      5.120     37.500     52.000     46.000 15
     0.000      1.000      5.120     32.200     46.000     46.000 15
     0.000      1.000      5.120     41.000     48.000     43.000 15
     0.000      1.000      5.120     47.800     49.000     49.000 15
     0.000      1.000      5.120     49.700     51.000     55.000 15
     0.000      1.000      5.120     45.000     46.000     49.000 15
     0.000      1.000      5.120     49.000     43.000     55.000 15
     0.000      0.000      5.120     56.500     43.000     58.000 15
     0.000      0.000      5.120     52.300     44.000     46.000 15
     1.000      0.000     11.390     58.100     52.000     55.000 23
     1.000      0.000     11.390     53.400     58.000     56.000 23
     1.000      1.000     11.390     45.500     46.000     53.089 23
     1.000      1.000     11.390     44.300     49.000     49.000 23
     1.000      1.000     11.390     52.700     43.000     53.307 23
     1.000      0.000     11.390     54.600     47.000     60.000 23
     1.000      0.000     11.390     58.878     44.000     57.000 23
     1.000      1.000     11.390     51.800     51.000     60.000 23
     1.000      1.000     11.390     56.200     51.000     56.000 23
     1.000      1.000     11.390     54.100     52.000     62.000 23
     1.000      1.000     11.390     56.122     52.000     53.000 23
     1.000      1.000     11.390     47.600     47.000     49.000 23
     1.000      1.000     11.390     52.500     54.000     59.000 23
     1.000      1.000     11.390     55.100     55.000     60.000 23
     1.000      0.000     11.390     47.600     42.000     63.000 23
     1.000      1.000     11.390     50.900     53.000     54.000 23
     1.000      0.000     11.390     55.051     49.000     52.089 23
     1.000      1.000     11.390     56.500     52.000     50.000 23
     1.000      0.000     11.390     45.700     50.000     57.000 23
     1.000      1.000     11.390     38.500     42.000     52.000 23
     1.000      1.000     11.390     54.100     52.000     59.779 23
     1.000      1.000     11.390     47.124     51.000     57.000 23
     1.000      1.000     11.390     58.100     55.000     60.000 23
     1.000      1.000     11.390     57.900     58.000     57.059 23
     1.000      1.000     11.390     56.200     58.000     59.000 23
     1.000      1.000     11.390     34.000     46.000     57.000 23
     1.000      0.000     11.390     52.000     53.000     58.000 23
     1.000      1.000     11.390     61.400     57.000     62.000 23
     1.000      1.000     11.390     47.600     58.000     57.000 23
     1.000      0.000     11.390     48.500     42.000     54.000 23
     1.000      1.000     11.390     53.000     51.000     65.000 23
     1.000      0.000     11.390     61.800     51.000     59.286 23
     1.000      0.000     11.390     39.200     55.000     48.000 23
     1.000      1.000     11.390     49.000     55.000     58.000 23
     1.000      0.000     11.390     55.500     52.000     55.000 23
     1.000      1.000     11.390     53.700     51.000     57.000 23
     1.000      0.000     11.390     57.600     48.000     55.000 23
     0.000      1.000      4.330     44.800     38.000     43.611  2
     0.000      1.000      4.330     42.400     50.000     48.000  2
     0.000      1.000      4.330     56.200     51.000     55.000  2
     0.000      1.000      4.330     55.800     51.000     53.271  2
     0.000      1.000      4.330     36.400     51.000     52.000  2
     0.000      1.000      4.330     51.100     49.000     54.000  2
     0.000      1.000      4.330     51.800     48.000     44.223  2
     0.000      1.000      4.330     45.000     48.000     49.000  2
     0.000      1.000      4.330     56.167     47.000     52.000  2
     0.000      1.000      4.330     44.800     50.000     47.000  2
     0.000      1.000      4.330     42.700     45.000     49.000  2
     0.000      1.000      4.330     51.100     54.000     54.442  2
     0.000      1.000      4.330     53.700     53.000     45.156  2
     0.000      1.000      4.330     52.700     54.000     56.000  2
     0.000      1.000      4.330     37.963     43.000     52.000  2
     0.000      1.000      4.330     43.600     48.000     58.000  2
     0.000      1.000      4.330     42.900     51.000     52.000  2
     0.000      1.000      4.330     49.260     50.000     52.000  2
     0.000      1.000      4.330     42.200     50.000     49.000  2
     0.000      1.000      4.330     19.600     42.000     46.000  2
     0.000      1.000      4.330     50.600     51.000     55.000  2
     0.000      1.000      4.330     37.500     45.000     49.000  2
     0.000      0.000      4.330     31.900     47.000     43.000  2
     0.000      1.000      4.330     57.081     49.000     54.000  2
     0.000      1.000      4.330     39.200     49.000     49.146  2
     0.000      1.000      4.330     42.400     47.000     45.379  2
     0.000      1.000      4.330     22.100     38.000     42.000  2
     0.000      1.000      4.330     41.500     51.000     51.000  2
     0.000      1.000      4.330     33.300     45.000     44.000  2
     0.000      1.000      4.330     48.000     52.000     55.000  2
     0.000      1.000      4.330     48.500     48.000     53.000  2
     0.000      1.000      4.330     54.800     44.000     51.826  2
     0.000      1.000      4.330     48.000     52.000     53.000  2
     0.000      1.000      4.330     42.900     37.000     48.000  2
     0.000      1.000      4.330     49.000     46.000     52.000  2
     0.000      1.000      4.330     31.072     42.000     44.000  2
     0.000      1.000      4.330     47.100     46.000     56.000  2
     0.000      1.000      4.330     40.800     47.000     50.995  2
     0.000      1.000      4.330     50.400     56.000     53.000  2
     0.000      0.000      4.330     47.800     50.000     53.000  2
     0.000      1.000      4.330     53.200     49.000     47.000  2
     1.000      1.000      7.270     56.500     55.000     55.586  1
     1.000      0.000      7.270     49.200     49.000     43.633  1
     1.000      1.000      7.270     45.900     46.000     46.000  1
     1.000      1.000      7.270     53.700     54.000     59.000  1
     1.000      1.000      7.270     50.020     53.000     56.797  1
     1.000      1.000      7.270     65.090     50.000     48.000  1
     1.000      1.000      7.270     40.600     49.000     48.000  1
     1.000      1.000      7.270     39.900     50.000     52.000  1
     1.000      1.000      7.270     45.700     52.000     48.000  1
     1.000      1.000      7.270     54.100     48.000     59.000  1
     1.000      1.000      7.270     32.200     48.000     45.000  1
     1.000      1.000      7.270     49.200     50.000     49.000  1
     1.000      1.000      7.270     18.600     45.000     49.000  1
     1.000      1.000      7.270     46.600     46.000     48.288  1
     1.000      1.000      7.270     44.670     49.000     44.000  1
     1.000      1.000      7.270     49.400     50.000     54.000  1
     1.000      1.000      7.270     29.600     47.000     43.000  1
     1.000      1.000      7.270     46.600     49.000     48.000  1
     1.000      1.000      7.270     48.700     54.000     55.000  1
     1.000      1.000      7.270     59.000     56.000     58.000  1
     1.000      1.000      7.270      6.500     43.000     37.000  1
     1.000      1.000      7.270     45.200     48.000     46.000  1
     1.000      1.000      7.270     41.000     40.000     45.000  1
     1.000      1.000      7.270     25.900     42.000     44.224  1
     1.000      1.000      7.270     41.000     45.000     50.000  1
     1.000      1.000      7.270     36.800     38.000     43.000  1
     1.000      1.000      7.270     48.000     50.000     51.000  1
     1.000      1.000      7.270     48.300     51.000     51.000  1
     1.000      1.000      7.270     55.722     54.000     47.000  1
     1.000      1.000      7.270     56.200     48.000     50.000  1
     1.000      1.000      7.270     52.500     48.000     43.000  1
     1.000      1.000      7.270     51.600     50.000     47.000  1
     1.000      1.000      7.270     43.100     53.000     53.000  1
     1.000      0.000      7.270     53.400     49.000     52.000  1
     1.000      1.000      7.270     45.000     53.000     52.000  1
     1.000      1.000      7.270     50.600     48.000     50.193  1
     1.000      1.000      7.270     42.700     53.000     45.524  1
     1.000      1.000      7.270     37.300     54.000     51.069  1
     1.000      1.000      7.270     36.800     46.000     53.581  1
     1.000      1.000      7.270     52.300     50.000     50.000  1
     1.000      1.000      7.270     39.600     43.000     38.000  1
     1.000      1.000      7.270     44.300     51.000     48.000  1
     1.000      0.000      7.270     30.500     45.000     48.000  1
     1.000      1.000      7.270     60.000     52.000     57.003  1
     1.000      0.000      7.673     66.720     58.000     63.239  8
     1.000      1.000      7.673     48.700     53.000     51.000  8
     1.000      0.000      7.673     63.000     49.000     59.000  8
     1.000      1.000      7.673     56.200     53.000     64.000  8
     1.000      1.000      7.673     63.900     56.000     60.000  8
     1.000      0.000      7.673     55.500     56.000     55.000  8
     1.000      0.000      7.673     58.800     55.000     59.000  8
     1.000      1.000      7.673     51.800     46.000     49.593  8
     1.000      1.000      7.673     65.800     55.000     55.000  8
     1.000      0.000      7.673     48.500     49.000     54.000  8
     1.000      0.000      7.673     56.500     54.000     59.000  8
     1.000      1.000      7.673     49.000     50.000     55.000  8
     1.000      1.000      7.673     53.900     55.000     61.000  8
     1.000      1.000      7.673     58.100     50.000     54.000  8
     1.000      0.000      7.673     50.385     46.000     52.000  8
     1.000      0.000      7.673     37.300     47.000     48.151  8
     1.000      1.000      7.673     18.600     44.000     46.277  8
     1.000      1.000      7.673     47.600     52.000     57.888  8
     1.000      1.000      7.673     49.900     46.000     53.000  8
     1.000      0.000      7.673     59.120     60.000     62.000  8
     1.000      1.000      7.673     59.280     58.000     56.000  8
     1.000      0.000      7.673     55.800     53.000     55.000  8
     1.000      0.000      7.673     54.600     52.000     57.000  8
     1.000      1.000      7.673     58.300     61.000     59.000  8
     1.000      1.000      7.673     61.690     57.000     54.000  8
     1.000      1.000      7.673     56.200     49.000     55.000  8
     1.000      0.000      7.673     64.600     50.000     59.000  8
     1.000      0.000      7.673     56.200     52.000     59.000  8
     1.000      1.000      7.673     64.400     52.000     56.000  8
     1.000      1.000      7.673     63.200     50.000     59.179  8
     1.000      1.000      7.673     61.400     50.000     59.000  8
     1.000      1.000      7.673     60.000     55.000     63.360  8
     1.000      0.000      7.673     60.400     58.000     64.000  8
     1.000      0.000      7.673     65.600     54.000     63.000  8
     1.000      1.000      7.673     44.300     48.000     56.000  8
     1.000      0.000      7.673     56.200     53.000     62.683  8
     1.000      1.000      7.673     51.100     53.000     55.000  8
     1.000      1.000      7.673     57.900     60.000     56.000  8
     1.000      0.000      7.673     59.300     53.000     58.000  8
     1.000      0.000      7.673     55.100     54.000     53.000  8
     1.000      0.000      7.673     55.300     50.000     54.000  8
     1.000      1.000      7.673     44.995     39.000     57.000  8
     1.000      1.000      7.673     53.900     56.000     37.000  8
     1.000      1.000      7.673     50.400     51.000     57.000  8
     1.000      0.000      7.673     63.000     64.000     60.000  8
     1.000      1.000      7.454     54.600     48.000     55.367 26
     1.000      1.000      7.454     43.100     43.000     38.000 26
     1.000      1.000      7.454     35.200     50.000     49.000 26
     1.000      1.000      7.454     48.700     43.000     53.000 26
     1.000      1.000      7.454     49.000     38.000     53.000 26
     1.000      1.000      7.454     45.700     43.000     49.000 26
     1.000      1.000      7.454     55.100     46.000     64.000 26
     1.000      1.000      7.454     42.000     49.000     55.000 26
     1.000      1.000      7.454     56.000     51.000     56.948 26
     1.000      1.000      7.454     63.000     51.000     57.000 26
     1.000      1.000      7.454     43.100     46.000     46.000 26
     1.000      1.000      7.454     48.700     50.000     51.000 26
     1.000      1.000      7.454     48.000     47.000     56.000 26
     1.000      1.000      7.454     53.400     51.000     58.000 26
     1.000      1.000      7.454     38.900     47.000     52.344 26
     1.000      1.000      7.454     43.400     45.000     57.000 26
     1.000      1.000      7.454     42.000     51.000     50.000 26
     1.000      1.000      7.454     36.800     39.000     47.087 26
     1.000      1.000      7.454     47.100     50.000     56.000 26
     1.000      0.000      7.454     38.700     43.000     51.675 26
     1.000      1.000      7.454     28.200     47.000     62.000 26
     1.000      1.000      7.454     48.500     48.000     54.000 26
     1.000      1.000      7.454     43.600     47.000     58.194 26
     1.000      1.000      7.454     24.200     42.000     49.000 26
     1.000      1.000      7.454     40.100     50.000     56.000 26
     1.000      1.000      7.454     40.600     43.000     49.000 26
     1.000      1.000      7.454     58.600     61.000     59.000 26
     1.000      0.000      7.454     58.935     55.000     55.053 26
     1.000      1.000      7.454     45.500     52.000     55.000 26
     1.000      1.000      7.454     47.749     55.000     64.000 26
     1.000      0.000      7.454     44.300     56.000     56.100 26
     1.000      0.000      7.454     55.100     52.000     57.000 26
     1.000      1.000      7.454     49.900     52.000     59.000 26
     1.000      1.000      7.454     39.900     48.000     59.000 26
     1.000      1.000      7.454     53.000     49.000     60.000 26
     1.000      1.000      7.454     48.000     55.000     57.000 26
     1.000      1.000      7.454     52.000     51.000     59.000 26
     1.000      1.000      7.454     48.000     52.000     55.957 26
     1.000      1.000      7.454     52.000     45.000     51.000 26
     1.000      1.000      7.454     43.800     46.000     51.000 26
     1.000      1.000      7.454     57.200     54.000     56.000 26
     1.000      1.000      7.454     64.565     57.000     63.000 26
     1.000      1.000      7.454     26.300     54.000     53.000 26
     1.000      1.000      7.454     38.200     43.000     59.000 26
     1.000      1.000      7.454     42.000     45.000     53.000 26
     0.000      0.000      6.030     56.000     48.000     56.168 22
     0.000      1.000      6.030     52.229     48.000     49.000 22
     0.000      1.000      6.030     67.400     56.000     62.000 22
     0.000      1.000      6.030     45.000     50.000     55.000 22
     0.000      1.000      6.030     54.800     56.000     60.000 22
     0.000      0.000      6.030     56.680     53.000     55.064 22
     0.000      1.000      6.030     49.400     58.000     53.000 22
     0.000      1.000      6.030     70.200     54.000     59.000 22
     0.000      1.000      6.030     58.300     57.000     57.936 22
     0.000      1.000      6.030     60.200     56.000     60.000 22
     0.000      1.000      6.030     64.900     61.000     60.000 22
     0.000      0.000      6.030     68.400     50.000     56.000 22
     0.000      1.000      6.030     70.200     60.000     60.000 22
     0.000      1.000      6.030     49.900     52.000     60.000 22
     0.000      0.000      6.030     65.600     54.000     56.000 22
     0.000      0.000      6.030     70.900     57.000     59.000 22
     0.000      1.000      6.030     56.700     50.000     61.000 22
     0.000      1.000      6.030     70.500     49.000     57.000 22
     0.000      0.000      6.030     65.140     55.000     60.000 22
     0.000      1.000      6.030     69.300     51.000     59.186 22
     0.000      1.000      6.030     65.300     56.000     56.000 22
     0.000      1.000      6.030     60.000     52.000     59.000 22
     0.000      1.000      6.030     63.900     57.000     57.000 22
     0.000      1.000      6.030     40.600     44.000     46.000 22
     0.000      1.000      6.030     63.900     58.000     53.778 22
     0.000      1.000      6.030     64.400     53.000     55.000 22
     0.000      1.000      6.030     75.400     54.000     57.000 22
     0.000      1.000      6.030     64.400     66.000     51.000 22
     0.000      1.000      6.030     63.500     52.000     60.000 22
     0.000      1.000      6.030     59.500     52.000     55.000 22
     0.000      0.000      6.030     66.700     53.000     54.000 22
     0.000      1.000      6.030     58.300     55.000     63.000 22
     0.000      1.000      6.030     77.200     55.000     61.081 22
     0.000      1.000      6.030     52.300     53.000     60.000 22
     0.000      0.000      6.030     67.200     57.000     61.000 22
     0.000      1.000      6.030     67.200     55.000     60.000 22
     0.000      1.000      6.030     68.400     65.000     58.649 22
     0.000      1.000      6.030     32.400     45.000     50.000 22
     0.000      1.000      6.030     56.200     53.000     58.000 22
     0.000      1.000      6.030     61.600     54.000     55.000 22
     0.000      1.000      6.030     59.000     53.000     54.130 22
     0.000      1.000      6.030     61.600     61.000     59.871 22
     0.000      1.000      6.030     65.800     59.000     62.000 22
     0.000      1.000      6.030     68.800     57.000     63.000 22
     0.000      1.000      6.030     60.700     55.000     55.000 22
     0.000      1.000      6.030     55.300     55.000     57.360 22
     0.000      1.000      6.030     52.300     51.000     65.283 22
     0.000      0.000      6.030     68.800     58.000     63.000 22
     0.000      1.000      6.300     45.700     45.000     47.000 28
     0.000      1.000      6.300     48.500     46.000     42.000 28
     0.000      0.000      6.300     47.800     45.000     48.245 28
     0.000      0.000      6.300     52.300     47.000     44.000 28
     0.000      1.000      6.300     55.100     51.000     46.000 28
     0.000      1.000      6.300     54.600     56.000     46.000 28
     0.000      0.000      6.300     56.200     50.000     44.000 28
     0.000      1.000      6.300     54.100     48.000     46.000 28
     0.000      1.000      6.300     46.900     46.000     50.000 28
     0.000      1.000      6.300     38.200     47.000     43.000 28
     0.000      0.000      6.300     55.500     51.000     51.000 28
     0.000      1.000      6.300     41.635     53.000     55.000 28
     0.000      1.000      6.300     53.200     56.000     49.000 28
     0.000      1.000      6.300     37.500     48.000     43.000 28
     0.000      1.000      6.300     52.000     39.000     52.042 28
     0.000      1.000      6.300     53.200     47.000     49.000 28
     0.000      1.000      6.300     42.559     42.000     43.000 28
     0.000      1.000      6.300     56.328     50.000     57.000 28
     0.000      1.000      6.300     51.100     44.000     53.000 28
     0.000      1.000      6.300     48.000     42.000     41.382 28
     0.000      1.000      6.300     56.200     54.000     56.638 28
     0.000      1.000      6.300     46.900     50.000     45.000 28
     0.000      1.000      6.300     53.000     47.000     52.000 28
     0.000      1.000      6.300     45.000     43.000     47.000 28
     0.000      1.000      6.300     43.800     49.000     50.000 28
     0.000      1.000      6.300     54.100     53.000     63.000 28
     0.000      1.000      6.300     49.200     46.000     46.000 28
     0.000      1.000      6.300     51.568     49.000     57.000 28
     0.000      1.000      6.300     51.100     54.000     54.000 28
     0.000      1.000      6.300     54.100     51.000     53.000 28
     0.000      1.000      6.300     50.900     51.000     53.000 28
     0.000      1.000      6.300     48.700     53.000     51.000 28
     0.000      1.000      6.300     17.000     52.000     40.000 28
     0.000      1.000      6.300     37.100     51.000     37.000 28
     0.000      1.000      6.300     48.910     51.000     60.000 28
     0.000      1.000      6.300     53.400     47.000     51.000 28
     0.000      0.000      6.300     54.400     50.000     47.000 28
     0.000      1.000      6.300     48.000     46.000     49.174 28
     0.000      1.000      6.300     47.100     49.000     48.025 28
     0.000      1.000      6.300     46.900     50.000     49.000 28
     0.000      0.000      6.300     56.517     54.000     52.000 28
     0.000      1.000      6.300     55.100     57.000     59.000 28
     0.000      1.000      6.300     47.111     44.000     49.000 28
     0.000      1.000      6.300     49.067     53.000     54.000 28
     0.000      1.000      6.300     53.000     47.000     46.000 28
     0.000      1.000      6.300     48.500     48.000     46.000 28
     0.000      1.000      6.300     50.900     49.000     54.000 28
     0.000      1.000      6.300     36.400     47.000     38.000 28
     0.000      0.000      6.300     51.300     50.000     52.000 28
     0.000      1.000      6.300     40.300     49.000     43.000 28
     1.000      1.000     17.480     57.200     49.000     61.000  5
     1.000      1.000     17.480     61.100     49.000     52.000  5
     1.000      1.000     17.480     63.200     56.000     63.000  5
     1.000      1.000     17.480     57.600     46.000     54.000  5
     1.000      1.000     17.480     61.400     50.000     58.000  5
     1.000      1.000     17.480     56.000     56.000     50.000  5
     1.000      1.000     17.480     62.300     61.000     59.461  5
     1.000      0.000     17.480     65.100     52.000     58.000  5
     1.000      1.000     17.480     56.500     54.000     56.000  5
     1.000      1.000     17.480     65.600     57.000     55.771  5
     1.000      1.000     17.480     57.600     60.000     58.000  5
     1.000      1.000     17.480     53.400     43.000     55.000  5
     1.000      0.000     17.480     55.500     51.000     52.000  5
     1.000      1.000     17.480     61.800     52.000     56.000  5
     1.000      1.000     17.480     62.800     54.000     62.000  5
     1.000      1.000     17.480     61.600     50.000     51.000  5
     1.000      1.000     17.480     45.500     47.000     53.000  5
     1.000      1.000     17.480     36.400     46.000     52.000  5
     1.000      1.000     17.480     47.100     54.000     57.000  5
     1.000      1.000     17.480     47.300     38.000     52.000  5
     1.000      0.000     17.480     28.400     44.000     49.000  5
     1.000      1.000     17.480     35.400     40.000     51.000  5
     1.000      0.000     17.480     35.700     51.000     49.000  5
     1.000      1.000     17.480     48.500     47.000     51.000  5
     1.000      1.000     17.480     51.800     46.000     51.000  5
     1.000      1.000     17.480     49.176     48.000     53.000  5
     1.000      1.000     17.480     40.777     46.000     52.000  5
     1.000      1.000     17.480     46.400     48.000     52.000  5
     1.000      0.000     17.480     39.400     50.000     49.000  5
     1.000      1.000     17.480     37.800     51.000     53.980  5
     1.000      0.000     17.480     53.280     46.000     52.000  5
     1.000      1.000     17.480     46.200     48.000     52.223  5
     1.000      1.000     17.480     49.900     49.000     53.000  5
     1.000      1.000     17.480     49.400     48.000     54.000  5
     1.000      0.000     17.480     49.200     52.000     55.000  5
     1.000      1.000     17.480     45.000     47.000     55.000  5
     1.000      0.000     17.480     30.500     39.000     46.331  5
     1.000      1.000     17.480     50.200     48.000     54.000  5
     1.000      1.000     17.480     45.200     47.000     48.123  5
     1.000      1.000     17.480     43.600     43.000     49.000  5
     1.000      1.000     17.480     45.200     46.000     54.403  5
     1.000      1.000     17.480     36.400     50.000     55.719  5
     1.000      1.000     17.480     55.300     54.000     57.000  5
     1.000      1.000     17.480     57.200     43.000     51.000  5
     1.000      1.000     17.480     22.800     48.000     51.000  5
     1.000      1.000     17.480     53.400     51.000     52.000  5
     1.000      1.000     17.480     44.500     48.000     48.000  5
     1.000      1.000     17.480     56.700     54.000     59.174  5
     1.000      1.000     17.480     60.000     50.000     58.000  5
     1.000      1.000     17.480     57.340     52.000     55.000  5
     1.000      1.000     17.480     52.500     52.000     54.000  5
     1.000      1.000     17.480     59.500     52.000     58.000  5
     1.000      1.000     13.480     35.900     46.000     50.000  3
     1.000      1.000     13.480     10.000     50.000     47.471  3
     1.000      1.000     13.480     48.180     52.000     52.000  3
     1.000      0.000     13.480     54.600     46.000     53.016  3
     1.000      1.000     13.480     47.100     49.000     54.000  3
     1.000      1.000     13.480      6.200     45.000     46.000  3
     1.000      1.000     13.480     44.800     49.000     56.562  3
     1.000      1.000     13.480     51.300     54.000     57.000  3
     1.000      1.000     13.480     56.200     53.000     54.000  3
     1.000      1.000     13.480     34.300     51.000     46.000  3
     1.000      1.000     13.480     40.612     42.000     50.000  3
     1.000      1.000     13.480     62.800     48.000     59.000  3
     1.000      0.000     13.480     52.000     49.000     58.000  3
     1.000      1.000     13.480     48.554     46.000     43.000  3
     1.000      1.000     13.480     29.670     49.000     51.671  3
     1.000      1.000     13.480     25.400     45.000     48.000  3
     1.000      1.000     13.480     50.200     49.000     60.258  3
     1.000      1.000     13.480     48.567     52.000     63.000  3
     1.000      1.000     13.480     42.400     51.000     63.000  3
     1.000      0.000     13.480     46.400     51.000     58.000  3
     1.000      1.000     13.480     53.000     54.000     63.000  3
     1.000      1.000     13.480      6.000     37.000     37.000  3
     1.000      1.000     13.480     58.100     54.000     58.286  3
     1.000      1.000     13.480     53.900     53.000     59.000  3
     1.000      1.000     13.480     45.900     47.000     47.000  3
     1.000      1.000     13.480     43.100     38.000     59.000  3
     1.000      1.000     13.480     56.200     60.000     53.000  3
     1.000      0.000     13.480     51.100     51.000     54.000  3
     1.000      1.000     13.480     46.200     45.000     47.000  3
     1.000      1.000     13.480     36.400     46.000     50.168  3
     1.000      1.000     13.480     50.930     47.000     54.000  3
     1.000      1.000     13.480     25.200     48.000     44.347  3
     1.000      1.000     13.480     45.900     45.000     56.040  3
     1.000      1.000     13.480     38.200     46.000     39.000  3
     1.000      1.000     13.480     45.000     50.000     52.000  3
     1.000      1.000     13.480     38.000     46.000     50.260  3
     1.000      1.000     13.480     76.800     49.000     57.000  3
     1.000      0.000     13.480     50.200     48.000     38.000  3
     1.000      1.000     13.480     48.700     53.000     52.000  3
     1.000      1.000     13.480     42.000     47.000     48.000  3
     1.000      1.000     13.480     40.600     49.000     50.000  3
     1.000      1.000     13.480     49.000     53.000     51.000  3
     1.000      1.000     13.480     39.200     48.000     56.000  3
     1.000      1.000     13.480     48.300     48.000     55.814  3
     1.000      1.000     13.480     12.300     39.000     44.000  3
     1.000      0.000     13.480     49.000     49.000     51.000  3
     1.000      1.000     13.480     34.000     46.000     52.535  3
     1.000      1.000     13.480     51.100     48.000     53.000  3
     1.000      0.000     13.480     47.530     47.000     60.000  3
     1.000      1.000     13.480     49.400     50.000     57.000  3
     1.000      1.000     13.480     49.400     50.000     53.000  3
     1.000      1.000     13.480     22.600     45.000     57.000  3
     1.000      1.000     13.480     40.300     41.000     53.000  3
     1.000      0.000      8.160     60.400     52.000     58.799 13
     1.000      0.000      8.160     58.300     50.000     53.974 13
     1.000      0.000      8.160     49.000     51.000     48.649 13
     1.000      0.000      8.160     45.200     44.000     51.000 13
     1.000      0.000      8.160     61.600     55.000     58.000 13
     1.000      0.000      8.160     64.849     50.000     59.000 13
     1.000      1.000      8.160     58.600     55.000     57.000 13
     1.000      0.000      8.160     57.600     46.000     63.000 13
     1.000      0.000      8.160     56.000     53.000     56.431 13
     1.000      0.000      8.160     57.600     51.000     59.000 13
     1.000      0.000      8.160     51.600     42.000     64.000 13
     1.000      0.000      8.160     49.900     47.000     56.708 13
     1.000      1.000      8.160     50.600     43.000     59.000 13
     1.000      0.000      8.160     53.915     52.000     58.943 13
     1.000      1.000      8.160     57.600     54.000     51.000 13
     1.000      0.000      8.160     62.800     65.000     57.299 13
     1.000      0.000      8.160     62.500     49.000     59.000 13
     1.000      0.000      8.160     62.250     48.000     59.000 13
     1.000      0.000      8.160     53.200     47.000     59.000 13
     1.000      1.000      8.160     51.396     51.000     54.000 13
     1.000      0.000      8.160     54.400     43.000     52.000 13
     1.000      1.000      8.160     53.000     51.000     55.000 13
     1.000      1.000      8.160     35.000     50.000     56.000 13
     1.000      0.000      8.160     45.000     50.000     57.000 13
     1.000      0.000      8.160     45.900     42.000     52.000 13
     1.000      0.000      8.160     68.802     53.000     65.000 13
     1.000      0.000      8.160     36.100     43.000     46.000 13
     1.000      1.000      8.160     42.700     48.000     58.000 13
     1.000      1.000      8.160     47.240     54.000     54.619 13
     1.000      1.000      8.160     49.900     53.000     65.317 13
     1.000      0.000      8.160     60.400     60.000     63.000 13
     1.000      1.000      8.160     32.710     39.000     54.000 13
     1.000      0.000      8.160     54.800     57.000     55.000 13
     1.000      1.000      8.160     64.400     53.000     59.000 13
     1.000      0.000      8.160     42.000     46.000     43.000 13
     1.000      0.000      8.160     56.200     51.000     62.301 13
     1.000      0.000      8.160     34.500     48.000     46.000 13
     1.000      1.000      8.160     64.340     54.000     63.000 13
     1.000      1.000      8.160     53.000     56.000     63.000 13
     1.000      0.000      8.160     49.700     53.000     60.000 13
     1.000      0.000      8.160     51.388     43.000     64.000 13
     1.000      1.000      8.160     47.800     50.000     57.000 13
     1.000      1.000      8.160     55.300     47.000     53.000 13
     1.000      0.000      8.160     39.600     42.000     52.000 13
     1.000      0.000      8.160     53.700     43.000     50.139 13
     1.000      1.000      8.160     41.500     52.000     59.272 13
     1.000      0.000      8.160     60.400     52.000     56.000 13
     1.000      0.000      8.160     45.000     45.000     56.000 13
     1.000      1.000      8.160     51.800     46.000     53.000 13
     1.000      1.000      8.160     61.800     55.000     63.000 13
     1.000      0.000      8.160     64.400     53.000     64.000 13
     1.000      1.000      8.160     43.800     43.000     54.000 13
     1.000      0.000      8.160     61.100     52.000     50.000 13
     1.000      1.000      8.160     50.200     42.000     52.470 13
     1.000      0.000      8.160     63.500     50.000     56.235 13
     1.000      1.000      8.690     42.000     53.000     63.000 20
     1.000      1.000      8.690     58.696     53.000     63.000 20
     1.000      1.000      8.690     51.100     54.000     63.000 20
     1.000      1.000      8.690     41.700     50.000     57.000 20
     1.000      1.000      8.690     51.600     57.000     55.000 20
     1.000      1.000      8.690     47.300     53.000     55.000 20
     1.000      1.000      8.690     40.600     49.000     63.000 20
     1.000      1.000      8.690     45.700     43.000     59.000 20
     1.000      1.000      8.690     55.800     52.000     60.000 20
     1.000      1.000      8.690     58.600     56.000     67.505 20
     1.000      1.000      8.690     58.600     57.000     64.000 20
     1.000      1.000      8.690     64.200     50.000     64.000 20
     1.000      1.000      8.690     60.200     55.000     53.000 20
     1.000      1.000      8.690     57.600     52.000     63.000 20
     1.000      1.000      8.690     55.100     49.000     61.959 20
     1.000      1.000      8.690     52.300     48.000     58.802 20
     1.000      0.000      8.690     40.600     49.000     63.000 20
     1.000      1.000      8.690     37.300     50.000     52.215 20
     1.000      1.000      8.690     42.700     42.000     56.803 20
     1.000      0.000      8.690     47.600     48.000     56.000 20
     1.000      1.000      8.690     56.700     55.000     60.000 20
     1.000      1.000      8.690     43.800     51.000     56.000 20
     1.000      1.000      8.690     58.100     58.000     64.000 20
     1.000      1.000      8.690     59.700     49.000     58.000 20
     1.000      1.000      8.690     57.690     57.000     62.000 20
     1.000      1.000      8.690     47.800     43.000     60.000 20
     1.000      0.000      8.690     43.100     52.000     55.336 20
     1.000      1.000      8.690     61.800     53.000     57.000 20
     1.000      1.000      8.690     59.300     50.000     56.000 20
     1.000      1.000      8.690     53.700     53.000     59.000 20
     1.000      1.000      8.690     53.700     58.000     63.000 20
     1.000      1.000      8.690     59.230     60.000     63.000 20
     1.000      1.000      8.690     55.100     53.000     59.000 20
     1.000      1.000      8.690     59.300     54.000     64.039 20
     1.000      1.000      8.690     59.500     61.000     64.000 20
     1.000      1.000      8.690     56.200     54.000     62.182 20
     1.000      0.000      8.690     45.200     48.000     63.000 20
     1.000      1.000      8.690     64.200     58.000     63.000 20
     1.000      1.000      8.690     39.600     46.000     47.000 20
     1.000      1.000      8.690     38.200     48.000     59.000 20
     1.000      1.000      8.690     56.200     46.000     62.503 20
     1.000      1.000      8.690     51.300     50.000     66.203 20
     1.000      1.000      8.690     71.900     54.000     59.000 20
     1.000      1.000      8.690     64.483     58.000     64.000 20
     1.000      0.000      8.690     37.300     48.000     58.484 20
     1.000      1.000      8.690     35.284     43.000     60.000 20
     1.000      1.000      8.690     50.200     48.000     57.000 20
     1.000      0.000      8.690     55.800     52.000     65.913 20
     1.000      1.000      8.690     62.500     55.000     64.000 20
     1.000      1.000      8.690     59.300     57.000     64.000 20
     1.000      1.000      8.690     55.180     56.000     61.820 20
     1.000      1.000      8.690     38.200     46.000     50.000 20
     1.000      1.000      8.690     61.400     60.000     59.000 20
     1.000      1.000      8.690     53.200     54.000     56.971 20
     1.000      1.000      8.690     58.600     51.000     63.000 20
     1.000      1.000      8.690     56.900     53.000     55.000 20
     1.000      1.000      8.690     55.100     49.000     64.000 20
     1.000      0.000      8.690     50.200     44.000     56.052 20
     1.000      1.000      8.690     49.700     48.000     59.000 20
     1.000      1.000      8.690     54.258     47.000     54.000 20
     1.000      1.000      8.690     56.500     57.000     63.010 20
