     1.000      1.000      6.680     45.700     48.000     52.000 24
     1.000      1.000      6.680     46.600     46.000     49.764 24
     1.000      1.000      6.680     39.200     47.000     54.394 24
     1.000      0.000      6.680     43.400     43.000     50.000 24
     1.000      1.000      6.680     65.800     57.000     60.000 24
     1.000      1.000      6.680     46.900     53.000     49.760 24
     1.000      1.000      6.680     32.786     42.000     43.000 24
     1.000      1.000      6.680     44.851     49.000     52.000 24
     1.000      0.000      6.680     56.500     46.000     52.000 24
     1.000      1.000      6.680     45.000     53.000     57.000 24
     1.000      1.000      6.680     56.900     53.000     50.000 24
     1.000      1.000      6.680     47.100     56.000     55.000 24
     1.000      1.000      6.680     51.300     47.000     48.000 24
     0.000      1.000     12.610     58.100     52.000     52.000 27
     0.000      1.000     12.610     58.300     49.000     49.282 27
     0.000      0.000     12.610     64.200     47.000     57.000 27
     0.000      1.000     12.610     62.500     53.000     62.000 27
     0.000      1.000     12.610     58.300     48.000     53.000 27
     0.000      1.000     12.610     64.600     50.000     54.000 27
     0.000      1.000     12.610     58.600     50.000     57.000 27
     0.000      1.000     12.610     67.400     61.000     58.000 27
     0.000      1.000     12.610     59.700     50.000     59.000 27
     0.000      1.000     12.610     50.600     47.000     53.000 27
     0.000      1.000     12.610     45.900     49.000     51.000 27
     0.000      1.000     12.610     55.500     46.000     56.000 27
     0.000      0.000     12.610     55.800     47.000     51.000 27
     0.000      1.000     12.610     48.300     52.000     56.000 27
     0.000      1.000     12.610     50.600     52.000     56.000 27
     0.000      1.000     12.990     48.500     49.000     57.000 11
     0.000      1.000     12.990     51.600     53.000     55.000 11
     0.000      1.000     12.990     55.300     49.000     55.000 11
     0.000      0.000     12.990     51.800     42.000     48.000 11
     0.000      1.000     12.990     54.800     52.000     63.000 11
     0.000      1.000     12.990     43.712     42.000     50.000 11
     0.000      1.000     12.990     51.100     47.000     56.000 11
     0.000      0.000     12.990     51.600     45.000     56.000 11
     0.000      1.000     12.990     48.687     50.000     55.000 11
     0.000      0.000     12.990     49.200     43.000     52.000 11
     0.000      1.000     12.990     54.400     51.000     53.816 11
     0.000      1.000     12.990     56.200     48.000     55.000 11
     0.000      1.000     12.990     53.900     54.000     55.000 11
     0.000      1.000     12.990     48.700     54.000     54.000 11
     0.000      1.000     12.990     48.300     48.000     55.000 11
     0.000      1.000     12.990     17.400     43.000     43.000 11
     0.000      1.000     17.441     53.700     50.000     52.000 21
     0.000      1.000     17.441     50.608     46.000     45.488 21
     0.000      1.000     17.441     54.400     50.000     51.000 21
     0.000      1.000     17.441     55.500     61.000     57.000 21
     0.000      1.000     17.441     62.100     42.000     54.000 21
     0.000      1.000     17.441     52.500     51.000     42.000 21
     0.000      1.000     17.441     49.900     45.000     49.000 21
     0.000      1.000     17.441     49.400     50.000     55.000 21
     0.000      1.000     17.441     59.675     50.000     56.000 21
     0.000      1.000     17.441     54.100     38.000     43.897 21
     0.000      1.000     17.441     52.500     48.000     52.000 21
     0.000      1.000     17.441     53.400     44.000     43.000 21
     0.000      1.000     17.441     54.600     50.000     42.000 21
     0.000      0.000     17.441     56.500     50.000     56.000 21
     0.000      1.000     17.441     52.500     55.000     54.000 21
     0.000      1.000     17.441     52.500     52.000     46.000 21
     0.000      1.000      9.850     45.000     50.000     54.000 29
     0.000      0.000      9.850     43.100     49.000     53.000 29
     0.000      1.000      9.850     41.300     48.000     52.000 29
     0.000      1.000      9.850     44.519     44.000     38.000 29
     0.000      1.000      9.850     56.900     48.000     53.000 29
     0.000      1.000      9.850     30.300     48.000     45.000 29
     0.000      1.000      9.850     52.700     52.000     43.000 29
     0.000      1.000      9.850     48.700     51.000     39.000 29
     0.000      0.000      9.850     65.300     50.000     52.000 29
     0.000      1.000      9.850     44.800     45.000     46.000 29
     0.000      1.000      9.850     54.400     56.000     55.000 29
     0.000      1.000      9.850     37.800     42.000     45.000 29
     0.000      1.000      9.850     37.100     42.000     46.288 29
     0.000      1.000      9.850     41.700     43.000     42.000 29
     0.000      1.000      9.850     44.100     44.000     45.000 29
     0.000      1.000      9.850     45.700     49.000     55.000 29
     0.000      1.000      8.500     62.100     61.000     51.000  9
     0.000      0.000      8.500     42.700     50.000     55.591  9
     0.000      1.000      8.500     45.700     47.000     50.000  9
     0.000      0.000      8.500     52.700     51.000     60.000  9
     0.000      1.000      8.500     51.300     49.000     38.000  9
     0.000      0.000      8.500     69.281     56.000     55.000  9
     0.000      1.000      8.500     50.900     50.000     55.000  9
     0.000      0.000      8.500     49.400     56.000     52.000  9
     0.000      1.000      8.500     55.560     52.000     56.277  9
     0.000      1.000      8.500     46.400     52.000     62.000  9
     0.000      1.000      8.500     56.000     38.000     52.000  9
     0.000      0.000      8.500     52.700     54.000     54.000  9
     0.000      1.000      8.500     54.600     52.000     55.000  9
     0.000      1.000      8.500     61.800     56.000     62.000  9
     0.000      1.000      8.500     50.600     48.000     49.000  9
     0.000      1.000      8.500     54.800     48.000     48.000  9
     0.000      1.000      8.500     57.400     50.000     55.000  9
     0.000      1.000      8.500     57.600     52.000     53.000  9
     0.000      1.000      8.500     61.100     53.000     45.000  9
     0.000      1.000      8.500     57.200     55.000     62.000  9
     1.000      1.000      9.160      5.300     38.000     43.000  4
     1.000      1.000      9.160     34.000     39.000     51.000  4
     1.000      1.000      9.160     54.600     48.000     64.000  4
     1.000      1.000      9.160     43.400     39.000     55.000  4
     1.000      1.000      9.160     38.000     42.000     51.000  4
     1.000      1.000      9.160     59.700     50.000     52.000  4
     1.000      1.000      9.160     35.900     47.000     43.000  4
     1.000      1.000      9.160     57.400     53.000     55.000  4
     1.000      1.000      9.160     52.500     58.000     54.000  4
     1.000      1.000      9.160     56.500     49.000     49.000  4
     1.000      1.000      9.160     47.600     49.000     57.870  4
     1.000      1.000      9.160     46.615     53.000     55.000  4
     1.000      1.000      9.160     54.600     48.000     51.000  4
     1.000      1.000      9.160     45.500     46.000     48.000  4
     1.000      1.000      9.160     41.700     47.000     54.000  4
     1.000      1.000      9.160     57.400     52.000     55.000  4
     1.000      1.000      9.160     56.200     53.000     55.000  4
     1.000      1.000      9.160     50.900     47.000     49.000  4
     1.000      1.000      9.160     32.720     40.000     47.000  4
     1.000      1.000      9.160     55.500     46.000     54.000  4
     1.000      1.000      9.160     63.700     55.000     59.000  4
     1.000      1.000      6.860     62.600     54.000     59.000 16
     1.000      0.000      6.860     55.300     49.000     61.000 16
     1.000      1.000      6.860     50.400     60.000     59.000 16
     1.000      1.000      6.860     52.300     59.000     61.479 16
     1.000      0.000      6.860     45.700     53.000     45.742 16
     1.000      1.000      6.860     47.300     54.000     57.585 16
     1.000      0.000      6.860     44.100     61.000     61.000 16
     1.000      0.000      6.860     54.400     48.000     60.469 16
     1.000      1.000      6.860     43.800     43.000     50.849 16
     1.000      1.000      6.860     51.800     51.000     58.000 16
     1.000      1.000      6.860     47.800     51.000     59.000 16
     1.000      1.000      6.860     51.300     51.000     54.000 16
     1.000      1.000      6.860      6.500     39.000     47.000 16
     1.000      0.000      6.860     53.700     45.000     64.000 16
     1.000      1.000      6.860     43.800     43.000     50.000 16
     1.000      1.000      6.860     51.100     55.000     57.000 16
     1.000      1.000      6.860     53.000     46.000     50.000 16
     1.000      1.000      6.860     42.200     51.000     54.000 16
     1.000      1.000      6.860     68.600     58.000     64.000 16
     1.000      1.000      6.860     39.908     52.000     54.521 16
     1.000      1.000      6.860     51.800     46.000     53.624 16
     1.000      1.000      6.860     50.400     49.000     55.000 16
     1.000      1.000      6.860     39.400     51.000     42.000 16
     0.000      1.000     24.600     53.700     49.000     63.000 25
     0.000      0.000     24.600     57.900     48.000     53.000 25
     0.000      0.000     24.600     68.600     54.000     59.560 25
     0.000      1.000     24.600     58.600     52.000     55.108 25
     0.000      1.000     24.600     58.800     55.000     57.000 25
     0.000      1.000     24.600     53.700     49.000     58.994 25
     0.000      0.000     24.600     52.700     50.000     51.000 25
     0.000      1.000     24.600     63.000     48.000     57.000 25
     0.000      1.000     24.600     40.100     47.000     49.000 25
     0.000      0.000     24.600     58.080     43.000     53.764 25
     0.000      0.000     24.600     60.400     58.000     57.620 25
     0.000      1.000     24.600     63.000     56.000     59.043 25
     0.000      0.000     24.600     63.500     50.000     56.000 25
     0.000      1.000     24.600     59.300     50.000     62.657 25
     0.000      1.000     24.600     51.800     53.000     58.000 25
     0.000      0.000     24.600     58.100     51.000     56.000 25
     0.000      0.000     24.600     56.900     52.000     45.000 25
     0.000      1.000     24.600     63.500     52.000     56.000 25
     0.000      1.000     24.600     45.500     38.000     53.000 25
     0.000      0.000     24.600     60.900     55.000     65.000 25
     0.000      1.000     24.600     35.200     39.000     42.732 25
     0.000      0.000     24.600     55.500     61.000     59.000 25
     0.000      0.000     24.600     54.600     57.000     62.020 25
     0.000      0.000     24.600     59.700     54.000     59.000 25
     0.000      1.000      8.150     52.300     44.000     48.157 19
     0.000      1.000      8.150     50.900     52.000     55.000 19
     0.000      1.000      8.150     59.000     42.000     46.414 19
     0.000      1.000      8.150     63.500     55.000     51.000 19
     0.000      1.000      8.150     49.700     45.000     51.111 19
     0.000      1.000      8.150     54.600     57.000     51.000 19
     0.000      1.000      8.150     36.600     49.000     51.000 19
     0.000      1.000      8.150     54.600     56.000     47.000 19
     0.000      1.000      8.150     54.400     52.000     53.000 19
     0.000      0.000      8.150     53.900     50.000     55.000 19
     0.000      0.000      8.150     73.613     59.000     58.000 19
     0.000      1.000      8.150     60.900     58.000     64.000 19
     0.000      1.000      8.150     65.600     65.000     55.845 19
     0.000      0.000      8.150     57.600     60.000     52.402 19
     0.000      0.000      8.150     67.700     56.000     60.000 19
     0.000      1.000      8.150     56.000     55.000     63.000 19
     0.000      1.000      8.150     56.374     53.000     52.108 19
     0.000      1.000      8.150     61.600     54.000     54.000 19
     0.000      1.000      8.150     29.600     45.000     51.000 19
     0.000      0.000      8.150     52.000     52.000     56.000 19
     0.000      1.000      8.150     40.800     53.000     54.595 19
     0.000      0.000      8.150     38.900     46.000     42.871 19
     0.000      1.000      8.150     56.200     56.000     50.000 19
     0.000      0.000      8.150     54.400     55.000     58.067 19
     0.000      1.000      8.150     46.600     46.000     51.738 19
     0.000      1.000      8.150     46.400     43.000     60.000 19
     0.000      1.000      8.150     42.400     49.000     45.000 19
     1.000      1.000      8.700     30.800     47.000     56.000 18
     1.000      0.000      8.700     44.800     49.000     46.917 18
     1.000      1.000      8.700     44.500     49.000     57.298 18
     1.000      1.000      8.700     58.300     49.000     54.000 18
     1.000      1.000      8.700     44.100     45.000     48.000 18
     1.000      1.000      8.700     46.200     49.000     58.000 18
     1.000      1.000      8.700     48.700     46.000     37.000 18
     1.000      1.000      8.700     45.900     52.000     51.732 18
     1.000      1.000      8.700     51.100     49.000     62.000 18
     1.000      1.000      8.700     63.717     54.000     55.360 18
     1.000      1.000      8.700     57.900     57.000     54.000 18
     1.000      1.000      8.700     53.400     53.000     64.848 18
     1.000      0.000      8.700     53.900     54.000     59.000 18
     1.000      1.000      8.700     52.000     52.000     50.364 18
     1.000      1.000      8.700     54.790     54.000     54.000 18
     1.000      1.000      8.700     47.300     51.000     56.000 18
     1.000      1.000      8.700     48.700     48.000     63.000 18
     1.000      1.000      8.700     62.500     52.000     63.000 18
     1.000      1.000      8.700     49.000     49.000     55.252 18
     1.000      1.000      8.700     50.670     46.000     54.000 18
     1.000      1.000      8.700     35.200     44.000     43.000 18
     1.000      1.000      8.700     52.000     52.000     60.000 18
     1.000      1.000      8.700     48.000     53.000     56.000 18
     1.000      1.000      8.700     61.800     58.000     63.000 18
     1.000      1.000      8.700     57.200     57.000     54.000 18
     1.000      1.000      8.700     56.900     56.000     60.000 18
     1.000      1.000      8.700     41.000     46.000     52.000 18
     1.000      1.000      8.700     56.700     47.000     55.000 18
     1.000      1.000     13.120     62.500     60.000     63.000 10
     1.000      0.000     13.120     57.400     49.000     55.000 10
     1.000      1.000     13.120     53.700     55.000     63.000 10
     1.000      1.000     13.120     56.500     53.000     55.916 10
     1.000      0.000     13.120     57.900     53.000     52.000 10
     1.000      1.000     13.120     57.400     52.000     55.000 10
     1.000      1.000     13.120     64.900     61.000     64.000 10
     1.000      1.000     13.120     57.400     56.000     57.000 10
     1.000      1.000     13.120     65.100     53.000     60.000 10
     1.000      0.000     13.120     52.000     48.000     53.000 10
     1.000      1.000     13.120     41.500     48.000     56.000 10
     1.000      0.000     13.120     57.200     59.000     59.000 10
     1.000      1.000     13.120     57.200     50.000     48.191 10
     1.000      1.000     13.120     54.800     54.000     53.000 10
     1.000      1.000     13.120     54.400     54.000     56.874 10
     1.000      1.000     13.120     54.400     56.000     62.000 10
     1.000      1.000     13.120     55.800     51.000     65.000 10
     1.000      1.000     13.120     57.600     52.000     54.216 10
     1.000      0.000     13.120     42.000     39.000     46.165 10
     1.000      1.000     13.120     41.300     45.000     52.000 10
     1.000      1.000     13.120     38.900     52.000     57.000 10
     1.000      1.000     13.120     57.900     39.000     56.000 10
     1.000      1.000     13.120     58.862     48.000     54.000 10
     1.000      1.000     13.120     59.300     55.000     59.000 10
     1.000      0.000     13.120     45.200     50.000     57.000 10
     1.000      1.000     13.120     58.600     57.000     63.000 10
     1.000      1.000     13.120     49.400     45.000     56.000 10
     1.000      1.000     13.120     54.600     47.000     57.132 10
     1.000      1.000     13.120     59.300     54.000     62.078 10
     1.000      1.000      6.970     61.800     55.000     54.000 12
     1.000      1.000      6.970     30.716     38.000     48.886 12
     1.000      1.000      6.970     59.700     55.000     54.460 12
     1.000      1.000      6.970     52.000     56.000     52.000 12
     1.000      1.000      6.970     61.400     58.000     54.000 12
     1.000      1.000      6.970     53.200     48.000     47.000 12
     1.000      1.000      6.970     70.200     58.000     52.000 12
     1.000      1.000      6.970     27.300     43.000     43.000 12
     1.000      1.000      6.970     49.200     48.000     46.000 12
     1.000      1.000      6.970     46.600     50.000     49.000 12
     1.000      1.000      6.970     70.500     57.000     55.000 12
     1.000      0.000      6.970     87.800     65.000     59.000 12
     1.000      1.000      6.970     60.900     53.000     51.055 12
     1.000      1.000      6.970     54.400     58.000     54.000 12
     1.000      1.000      6.970     54.480     48.000     51.000 12
     1.000      1.000      6.970     35.400     46.000     54.000 12
     1.000      1.000      6.970     48.000     51.000     52.000 12
     1.000      1.000      6.970     46.900     48.000     54.084 12
     1.000      1.000      6.970     56.700     52.000     51.000 12
     1.000      1.000      6.970     43.600     46.000     52.000 12
     1.000      1.000      6.970     37.760     47.000     49.972 12
     1.000      1.000      6.970     50.900     51.000     57.000 12
     1.000      1.000      6.970     43.600     39.000     48.000 12
     1.000      1.000      6.970     54.400     50.000     56.053 12
     1.000      0.000      6.970     61.600     56.000     62.000 12
     1.000      1.000      6.970     64.600     56.000     47.484 12
     1.000      1.000      6.970     64.400     51.000     56.000 12
     1.000      1.000      6.970     44.100     45.000     47.000 12
     1.000      0.000      6.970     57.600     49.000     53.429 12
     1.000      1.000     12.980     50.900     51.000     54.211 17
     1.000      1.000     12.980     47.800     51.000     62.000 17
     1.000      1.000     12.980     54.600     58.000     57.000 17
     1.000      0.000     12.980     62.300     56.000     61.000 17
     1.000      1.000     12.980     44.800     48.000     49.962 17
     1.000      1.000     12.980     38.700     55.000     52.000 17
     1.000      1.000     12.980     64.200     52.000     45.000 17
     1.000      1.000     12.980     47.600     45.000     59.000 17
     1.000      1.000     12.980     58.600     53.000     59.000 17
     1.000      1.000     12.980     55.500     54.000     58.698 17
     1.000      1.000     12.980     46.600     52.000     55.000 17
     1.000      0.000     12.980     63.700     54.000     59.000 17
     1.000      0.000     12.980     44.800     51.000     58.000 17
     1.000      0.000     12.980     54.600     48.000     59.000 17
     1.000      0.000     12.980     35.000     48.000     56.000 17
     1.000      1.000     12.980     52.000     42.000     58.000 17
     1.000      0.000     12.980     54.100     53.000     54.544 17
     1.000      1.000     12.980     56.900     55.000     63.000 17
     1.000      1.000     12.980     55.500     49.000     55.000 17
     1.000      0.000     12.980     53.000     47.000     49.000 17
     1.000      1.000     12.980     55.270     55.000     59.976 17
     1.000      0.000     12.980     52.230     56.000     54.000 17
     1.000      0.000     12.980     43.400     51.000     58.000 17
     1.000      1.000     12.980     50.104     50.000     55.000 17
     1.000      0.000     12.980     61.800     52.000     59.000 17
     1.000      0.000     12.980     60.700     46.000     59.000 17
     1.000      1.000     12.980     42.200     42.000     51.000 17
     1.000      0.000     12.980     62.300     55.000     60.000 17
     1.000      1.000     12.980     56.000     56.000     62.000 17
     1.000      0.000     12.980     52.300     50.000     46.000 17
     1.000      1.000     12.980     62.500     57.000     62.000 17
     1.000      0.000     12.980     39.600     47.000     49.584 17
     1.000      1.000     12.980     41.000     44.000     49.000 17
     1.000      1.000      7.570     49.000     48.000     53.000 14
     1.000      1.000      7.570     39.900     52.000     55.000 14
     1.000      1.000      7.570     49.000     49.000     54.000 14
     1.000      1.000      7.570     44.494     48.000     49.990 14
     1.000      1.000      7.570     59.440     58.000     64.000 14
     1.000      1.000      7.570     47.300     55.000     55.962 14
     1.000      1.000      7.570     63.200     51.000     58.000 14
     1.000      0.000      7.570     40.300     42.000     52.109 14
     1.000      1.000      7.570     66.235     49.000     58.000 14
     1.000      1.000      7.570     58.300     54.000     62.000 14
     1.000      0.000      7.570     54.100     50.000     64.000 14
     1.000      1.000      7.570     49.810     48.000     57.670 14
     1.000      0.000      7.570     51.100     52.000     56.398 14
     1.000      1.000      7.570     53.400     46.000     47.000 14
     1.000      1.000      7.570     41.700     47.000     54.000 14
     1.000      1.000      7.570     62.100     48.000     52.144 14
     1.000      1.000      7.570     63.700     54.000     56.000 14
     1.000      1.000      7.570     50.200     53.000     63.000 14
     1.000      1.000      7.570     48.000     43.000     54.406 14
     1.000      1.000      7.570     51.600     50.000     60.000 14
     1.000      1.000      7.570     56.500     44.000     54.000 14
     1.000      1.000      7.570     55.500     39.000     59.000 14
     1.000      1.000      7.570     58.100     51.000     53.000 14
     1.000      1.000      7.570     46.400     50.000     46.000 14
     1.000      1.000      7.570     24.200     38.000     53.000 14
     1.000      1.000      7.570     48.863     46.000     57.000 14
     1.000      1.000      7.570     44.100     44.000     63.000 14
     1.000      1.000      7.570     38.200     42.000     59.000 14
     1.000      1.000      7.570     44.300     48.000     53.000 14
     1.000      1.000      7.570     42.400     48.000     54.709 14
     1.000      1.000      7.570     54.600     52.000     64.000 14
     1.000      1.000      7.570     45.000     47.000     49.000 14
     1.000      1.000      7.570     44.300     48.000     55.000 14
     1.000      1.000      7.570     53.700     52.000     57.615 14
     0.000      1.000      9.610     41.500     43.000     46.000  6
     0.000      1.000      9.610     55.500     52.000     54.414  6
     0.000      1.000      9.610     56.700     57.000     55.000  6
     0.000      1.000      9.610     51.800     55.000     60.000  6
     0.000      1.000      9.610     50.200     58.000     51.564  6
     0.000      1.000      9.610     38.700     45.000     50.000  6
     0.000      1.000      9.610     39.400     44.000     49.000  6
     0.000      1.000      9.610     33.300     42.000     48.000  6
     0.000      1.000      9.610     46.107     50.000     43.000  6
     0.000      1.000      9.610     38.500     45.000     55.000  6
     0.000      1.000      9.610      6.000     43.000     39.000  6
     0.000      1.000      9.610     55.500     49.000     56.000  6
     0.000      1.000      9.610     42.200     48.000     45.000  6
     0.000      1.000      9.610     54.600     53.000     59.610  6
     0.000      1.000      9.610     47.800     52.000     55.000  6
     0.000      1.000      9.610     38.294     43.000     60.000  6
     0.000      1.000      9.610     49.700     50.000     48.586  6
     0.000      1.000      9.610     51.100     52.000     53.000  6
     0.000      1.000      9.610     52.300     45.000     54.000  6
     0.000      1.000      9.610     55.300     46.000     52.000  6
     0.000      1.000      9.610     59.500     53.000     56.000  6
     0.000      1.000      9.610     35.900     49.000     54.000  6
     0.000      1.000      9.610     43.800     46.000     53.000  6
     0.000      1.000      9.610     51.100     51.000     51.000  6
     0.000      1.000      9.610     46.600     43.000     49.000  6
     0.000      1.000      9.610     45.200     42.000     47.000  6
     0.000      1.000      9.610     49.000     52.000     59.000  6
     0.000      1.000      9.610     57.200     44.000     49.000  6
     0.000      1.000      9.610     61.170     57.000     63.000  6
     0.000      1.000      9.610     68.400     57.000     60.000  6
     0.000      1.000      9.610     46.200     47.000     41.078  6
     0.000      1.000      9.610     50.411     48.000     51.000  6
     0.000      1.000      9.610     37.500     46.000     54.000  6
     0.000      1.000      9.610     42.700     43.000     46.000  6
     0.000      1.000      9.610     51.600     46.000     46.000  6
     0.000      1.000      9.460     44.941     52.000     53.000  7
     0.000      1.000      9.460     44.800     48.000     46.352  7
     0.000      1.000      9.460     43.600     51.000     52.247  7
     0.000      1.000      9.460     50.268     52.000     54.000  7
     0.000      1.000      9.460     37.800     46.000     51.818  7
     0.000      0.000      9.460     45.200     50.000     55.000  7
     0.000      0.000      9.460     44.500     44.000     47.000  7
     0.000      1.000      9.460     45.000     51.000     54.000  7
     0.000      1.000      9.460     43.580     49.000     47.000  7
     0.000      1.000      9.460     44.800     46.000     48.000  7
     0.000      0.000      9.460     39.200     45.000     56.000  7
     0.000      1.000      9.460     47.600     43.000     52.000  7
     0.000      1.000      9.460     46.869     54.000     56.000  7
     0.000      1.000      9.460     40.600     47.000     45.000  7
     0.000      1.000      9.460     46.400     52.000     53.000  7
     0.000      0.000      9.460     41.500     49.000     54.000  7
     0.000      0.000      9.460     40.800     46.000     51.000  7
     0.000      1.000      9.460     46.900     50.000     48.184  7
     0.000      1.000      9.460     39.600     44.000     44.000  7
     0.000      1.000      9.460     36.400     43.000     50.000  7
     0.000      1.000      9.460     62.440     49.000     54.000  7
     0.000      1.000      9.460     47.100     39.000     55.000  7
     0.000      1.000      9.460     47.300     43.000     52.051  7
     0.000      1.000      9.460     47.600     47.000     53.000  7
     0.000      1.000      9.460     45.700     49.000     52.000  7
     0.000      1.000      9.460     57.422     49.000     52.000  7
     0.000      1.000      9.460     39.200     48.000     50.645  7
     0.000      1.000      9.460     25.600     46.000     56.000  7
     0.000      1.000      9.460     47.300     45.000     56.000  7
     0.000      0.000      9.460     44.960     42.000     52.197  7
     0.000      1.000      9.460     44.300     39.000     51.000  7
     0.000      1.000      9.460     51.185     56.000     63.000  7
     0.000      1.000      9.460     42.000     42.000     49.000  7
     0.000      1.000      9.460     48.500     50.000     64.000  7
     0.000      1.000      9.460     26.100     47.000     47.000  7
     0.000      1.000      5.120     34.500     50.000     55.000 15
     0.000      1.000      5.120     72.300     58.000     61.000 15
     0.000      1.000      5.120     36.682     47.000     49.000 15
     0.000      1.000      5.120     47.300     48.000     53.000 15
     0.000      1.000      5.120     37.800     38.000     42.000 15
     0.000      1.000      5.120     49.869     48.000     49.000 15
     0.000      1.000      5.120     51.100     46.000     55.000 15
     0.000      1.000      5.120     49.200     48.000     53.000 15
     0.000      0.000      5.120     55.300     56.000     61.000 15
     0.000      1.000      5.120     47.130     56.000     54.000 15
     0.000      1.000      5.120     40.100     48.000     54.000 15
     0.000      1.000      5.120     51.800     51.000     47.000 15
     0.000      1.000      5.120     51.300     52.000     57.317 15
     0.000      1.000      5.120     48.885     52.000     56.000 15
     0.000      1.000      5.120     47.800     49.000     49.582 15
     0.000      1.000      5.120     54.800     42.000     52.000 15
     0.000      1.000      5.120     34.300     43.000     53.685 15
     0.000      1.000      5.120     24.000     46.000     51.000 15
     0.000      0.000      5.120     58.800     50.000     53.000 15
     0.000      1.000      5.120     43.800     50.000     50.260 15
     0.000      1.000      5.120     42.000     50.000     53.000 15
     0.000      1.000      5.120     49.400     50.000     59.000 15
     0.000      0.000      5.120     41.700     42.000     53.000 15
     0.000      1.000      5.120     50.200     45.000     51.000 15
     0.000      1.000      5.120     51.800     57.000     55.000 15
     0.000      1.000      5.120     53.000     49.000     52.000 15
     0.000      0.000      5.120     60.400     51.000     52.000 15
     0.000      1.000      5.120     44.500     54.000     64.000 15
     0.000      1.000      5.120     37.500     52.000     46.000 15
     0.000      1.000      5.120     32.200     46.000     46.000 15
     0.000      1.000      5.120     41.000     48.000     43.000 15
     0.000      1.000      5.120     47.800     49.000     49.000 15
     0.000      1.000      5.120     49.700     51.000     55.000 15
     0.000      1.000      5.120     45.000     46.000     49.000 15
     0.000      1.000      5.120     49.000     43.000     55.000 15
     0.000      0.000      5.120     56.500     43.000     58.000 15
     0.000      0.000      5.120     52.300     44.000     46.000 15
     1.000      0.000     11.390     58.100     52.000     55.000 23
     1.000      0.000     11.390     53.400     58.000     56.000 23
     1.000      1.000     11.390     45.500     46.000     62.061 23
     1.000      1.000     11.390     44.300     49.000     49.000 23
     1.000      1.000     11.390     52.700     43.000     47.643 23
     1.000      0.000     11.390     54.600     47.000     60.000 23
     1.000      0.000     11.390     31.693     44.000     57.000 23
     1.000      1.000     11.390     51.800     51.000     60.000 23
     1.000      1.000     11.390     56.200     51.000     56.000 23
     1.000      1.000     11.390     54.100     52.000     62.000 23
     1.000      1.000     11.390     49.074     52.000     53.000 23
     1.000      1.000     11.390     47.600     47.000     49.000 23
     1.000      1.000     11.390     52.500     54.000     59.000 23
     1.000      1.000     11.390     55.100     55.000     60.000 23
     1.000      0.000     11.390     47.600     42.000     63.000 23
     1.000      1.000     11.390     50.900     53.000     54.000 23
     1.000      0.000     11.390     43.622     49.000     59.361 23
     1.000      1.000     11.390     56.500     52.000     50.000 23
     1.000      0.000     11.390     45.700     50.000     57.000 23
     1.000      1.000     11.390     38.500     42.000     52.000 23
     1.000      1.000     11.390     54.100     52.000     55.792 23
     1.000      1.000     11.390     66.550     51.000     57.000 23
     1.000      0.000     11.390     58.100     55.000     60.000 23
     1.000      1.000     11.390     57.900     58.000     55.133 23
     1.000      1.000     11.390     56.200     58.000     59.000 23
     1.000      1.000     11.390     34.000     46.000     57.000 23
     1.000      0.000     11.390     52.000     53.000     58.000 23
     1.000      1.000     11.390     61.400     57.000     62.000 23
     1.000      1.000     11.390     47.600     58.000     57.000 23
     1.000      0.000     11.390     48.500     42.000     54.000 23
     1.000      1.000     11.390     53.000     51.000     65.000 23
     1.000      0.000     11.390     61.800     51.000     56.558 23
     1.000      0.000     11.390     39.200     55.000     48.000 23
     1.000      1.000     11.390     49.000     55.000     58.000 23
     1.000      0.000     11.390     55.500     52.000     55.000 23
     1.000      1.000     11.390     53.700     51.000     57.000 23
     1.000      0.000     11.390     57.600     48.000     55.000 23
     0.000      1.000      4.330     44.800     38.000     47.861  2
     0.000      1.000      4.330     42.400     50.000     48.000  2
     0.000      1.000      4.330     56.200     51.000     55.000  2
     0.000      1.000      4.330     55.800     51.000     53.328  2
     0.000      1.000      4.330     36.400     51.000     52.000  2
     0.000      1.000      4.330     51.100     49.000     54.000  2
     0.000      1.000      4.330     51.800     48.000     57.348  2
     0.000      1.000      4.330     45.000     48.000     49.000  2
     0.000      1.000      4.330     37.288     47.000     52.000  2
     0.000      1.000      4.330     44.800     50.000     47.000  2
     0.000      1.000      4.330     42.700     45.000     49.000  2
     0.000      1.000      4.330     51.100     54.000     57.027  2
     0.000      1.000      4.330     53.700     53.000     56.210  2
     0.000      1.000      4.330     52.700     54.000     56.000  2
     0.000      1.000      4.330     46.733     43.000     52.000  2
     0.000      1.000      4.330     43.600     48.000     58.000  2
     0.000      1.000      4.330     42.900     51.000     52.000  2
     0.000      1.000      4.330     49.260     50.000     52.000  2
     0.000      1.000      4.330     42.200     50.000     49.000  2
     0.000      1.000      4.330     19.600     42.000     46.000  2
     0.000      1.000      4.330     50.600     51.000     55.000  2
     0.000      1.000      4.330     37.500     45.000     49.000  2
     0.000      0.000      4.330     31.900     47.000     43.000  2
     0.000      1.000      4.330     50.085     49.000     54.000  2
     0.000      1.000      4.330     39.200     49.000     53.771  2
     0.000      1.000      4.330     42.400     47.000     57.040  2
     0.000      1.000      4.330     22.100     38.000     42.000  2
     0.000      1.000      4.330     41.500     51.000     51.000  2
     0.000      1.000      4.330     33.300     45.000     44.000  2
     0.000      1.000      4.330     48.000     52.000     55.000  2
     0.000      1.000      4.330     48.500     48.000     53.000  2
     0.000      1.000      4.330     54.800     44.000     55.525  2
     0.000      1.000      4.330     48.000     52.000     53.000  2
     0.000      1.000      4.330     42.900     37.000     48.000  2
     0.000      1.000      4.330     49.000     46.000     52.000  2
     0.000      1.000      4.330     35.848     42.000     44.000  2
     0.000      1.000      4.330     47.100     46.000     56.000  2
     0.000      1.000      4.330     40.800     47.000     51.667  2
     0.000      1.000      4.330     50.400     56.000     53.000  2
     0.000      0.000      4.330     47.800     50.000     53.000  2
     0.000      1.000      4.330     53.200     49.000     47.000  2
     1.000      1.000      7.270     56.500     55.000     57.630  1
     1.000      0.000      7.270     49.200     49.000     55.597  1
     1.000      1.000      7.270     45.900     46.000     46.000  1
     1.000      1.000      7.270     53.700     54.000     59.000  1
     1.000      1.000      7.270     50.020     53.000     50.718  1
     1.000      1.000      7.270     48.610     50.000     48.000  1
     1.000      1.000      7.270     40.600     49.000     48.000  1
     1.000      1.000      7.270     39.900     50.000     52.000  1
     1.000      1.000      7.270     45.700     52.000     48.000  1
     1.000      1.000      7.270     54.100     48.000     59.000  1
     1.000      1.000      7.270     32.200     48.000     45.000  1
     1.000      1.000      7.270     49.200     50.000     49.000  1
     1.000      1.000      7.270     18.600     45.000     49.000  1
     1.000      1.000      7.270     46.600     46.000     40.926  1
     1.000      1.000      7.270     44.670     49.000     44.000  1
     1.000      1.000      7.270     49.400     50.000     54.000  1
     1.000      1.000      7.270     29.600     47.000     43.000  1
     1.000      1.000      7.270     46.600     49.000     48.000  1
     1.000      1.000      7.270     48.700     54.000     55.000  1
     1.000      1.000      7.270     59.000     56.000     58.000  1
     1.000      1.000      7.270      6.500     43.000     37.000  1
     1.000      1.000      7.270     45.200     48.000     46.000  1
     1.000      1.000      7.270     41.000     40.000     45.000  1
     1.000      1.000      7.270     25.900     42.000     39.396  1
     1.000      1.000      7.270     41.000     45.000     50.000  1
     1.000      1.000      7.270     36.800     38.000     43.000  1
     1.000      1.000      7.270     48.000     50.000     51.000  1
     1.000      1.000      7.270     48.300     51.000     51.000  1
     1.000      1.000      7.270     43.783     54.000     47.000  1
     1.000      1.000      7.270     56.200     48.000     50.000  1
     1.000      1.000      7.270     52.500     48.000     43.000  1
     1.000      1.000      7.270     51.600     50.000     47.000  1
     1.000      1.000      7.270     43.100     53.000     53.000  1
     1.000      0.000      7.270     53.400     49.000     52.000  1
     1.000      1.000      7.270     45.000     53.000     52.000  1
     1.000      1.000      7.270     45.170     48.000     48.355  1
     1.000      1.000      7.270     42.700     53.000     39.922  1
     1.000      1.000      7.270     37.300     54.000     52.076  1
     1.000      1.000      7.270     36.800     46.000     44.913  1
     1.000      1.000      7.270     52.300     50.000     50.000  1
     1.000      1.000      7.270     39.600     43.000     38.000  1
     1.000      1.000      7.270     44.300     51.000     48.000  1
     1.000      0.000      7.270     30.500     45.000     48.000  1
     1.000      1.000      7.270     60.000     52.000     60.416  1
     1.000      0.000      4.997     66.720     58.000     58.412  8
     1.000      1.000      4.997     48.700     53.000     51.000  8
     1.000      0.000      4.997     63.000     49.000     59.000  8
     1.000      1.000      4.997     56.200     53.000     64.000  8
     1.000      1.000      4.997     63.900     56.000     60.000  8
     1.000      0.000      4.997     55.500     56.000     55.000  8
     1.000      0.000      4.997     58.800     55.000     59.000  8
     1.000      1.000      4.997     51.800     46.000     57.292  8
     1.000      1.000      4.997     65.800     55.000     55.000  8
     1.000      0.000      4.997     48.500     49.000     54.000  8
     1.000      0.000      4.997     56.500     54.000     59.000  8
     1.000      1.000      4.997     49.000     50.000     55.000  8
     1.000      1.000      4.997     53.900     55.000     61.000  8
     1.000      1.000      4.997     58.100     50.000     54.000  8
     1.000      0.000      4.997     59.668     46.000     52.000  8
     1.000      0.000      4.997     37.300     47.000     50.071  8
     1.000      1.000      4.997     18.600     44.000     43.955  8
     1.000      1.000      4.997     47.600     52.000     56.593  8
     1.000      1.000      4.997     49.900     46.000     53.000  8
     1.000      0.000      4.997     59.120     60.000     62.000  8
     1.000      1.000      4.997     59.280     58.000     56.000  8
     1.000      0.000      4.997     55.800     53.000     55.000  8
     1.000      0.000      4.997     54.600     52.000     57.000  8
     1.000      1.000      4.997     58.300     61.000     59.000  8
     1.000      1.000      4.997     61.690     57.000     54.000  8
     1.000      0.000      4.997     56.200     49.000     55.000  8
     1.000      0.000      4.997     64.600     50.000     59.000  8
     1.000      0.000      4.997     56.200     52.000     59.000  8
     1.000      1.000      4.997     64.400     52.000     56.000  8
     1.000      1.000      4.997     63.200     50.000     55.347  8
     1.000      1.000      4.997     61.400     50.000     59.000  8
     1.000      1.000      4.997     60.000     55.000     55.278  8
     1.000      0.000      4.997     60.400     58.000     64.000  8
     1.000      0.000      4.997     65.600     54.000     63.000  8
     1.000      1.000      4.997     44.300     48.000     56.000  8
     1.000      0.000      4.997     56.200     53.000     56.339  8
     1.000      1.000      4.997     51.100     53.000     55.000  8
     1.000      1.000      4.997     57.900     60.000     56.000  8
     1.000      0.000      4.997     59.300     53.000     58.000  8
     1.000      0.000      4.997     55.100     54.000     53.000  8
     1.000      0.000      4.997     55.300     50.000     54.000  8
     1.000      1.000      4.997     37.814     39.000     57.000  8
     1.000      1.000      4.997     53.900     56.000     37.000  8
     1.000      1.000      4.997     50.400     51.000     57.000  8
     1.000      0.000      4.997     63.000     64.000     60.000  8
     1.000      1.000     12.875     54.600     48.000     57.023 26
     1.000      1.000     12.875     43.100     43.000     38.000 26
     1.000      1.000     12.875     35.200     50.000     49.000 26
     1.000      1.000     12.875     48.700     43.000     53.000 26
     1.000      1.000     12.875     49.000     38.000     53.000 26
     1.000      1.000     12.875     45.700     43.000     49.000 26
     1.000      1.000     12.875     55.100     46.000     64.000 26
     1.000      1.000     12.875     42.000     49.000     55.000 26
     1.000      1.000     12.875     56.000     51.000     55.706 26
     1.000      1.000     12.875     63.000     51.000     57.000 26
     1.000      1.000     12.875     43.100     46.000     46.000 26
     1.000      1.000     12.875     48.700     50.000     51.000 26
     1.000      1.000     12.875     48.000     47.000     56.000 26
     1.000      1.000     12.875     53.400     51.000     58.000 26
     1.000      1.000     12.875     38.900     47.000     51.120 26
     1.000      1.000     12.875     43.400     45.000     57.000 26
     1.000      1.000     12.875     42.000     51.000     50.000 26
     1.000      1.000     12.875     36.800     39.000     45.398 26
     1.000      1.000     12.875     47.100     50.000     56.000 26
     1.000      0.000     12.875     38.700     43.000     51.103 26
     1.000      1.000     12.875     28.200     47.000     62.000 26
     1.000      1.000     12.875     48.500     48.000     54.000 26
     1.000      1.000     12.875     43.600     47.000     53.445 26
     1.000      1.000     12.875     24.200     42.000     49.000 26
     1.000      1.000     12.875     40.100     50.000     56.000 26
     1.000      1.000     12.875     40.600     43.000     49.000 26
     1.000      1.000     12.875     58.600     61.000     59.000 26
     1.000      0.000     12.875     66.957     55.000     62.949 26
     1.000      1.000     12.875     45.500     52.000     55.000 26
     1.000      1.000     12.875     52.925     55.000     64.000 26
     1.000      0.000     12.875     44.300     56.000     60.408 26
     1.000      0.000     12.875     55.100     52.000     57.000 26
     1.000      1.000     12.875     49.900     52.000     59.000 26
     1.000      1.000     12.875     39.900     48.000     59.000 26
     1.000      1.000     12.875     53.000     49.000     60.000 26
     1.000      1.000     12.875     48.000     55.000     57.000 26
     1.000      1.000     12.875     52.000     51.000     59.000 26
     1.000      1.000     12.875     48.000     52.000     60.981 26
     1.000      1.000     12.875     52.000     45.000     51.000 26
     1.000      1.000     12.875     43.800     46.000     51.000 26
     1.000      1.000     12.875     57.200     54.000     56.000 26
     1.000      1.000     12.875     62.266     57.000     63.000 26
     1.000      1.000     12.875     26.300     54.000     53.000 26
     1.000      1.000     12.875     38.200     43.000     59.000 26
     1.000      1.000     12.875     42.000     45.000     53.000 26
     0.000      0.000      6.030     56.000     48.000     57.909 22
     0.000      0.000      6.030     48.706     48.000     49.000 22
     0.000      1.000      6.030     67.400     56.000     62.000 22
     0.000      1.000      6.030     45.000     50.000     55.000 22
     0.000      1.000      6.030     54.800     56.000     60.000 22
     0.000      0.000      6.030     56.680     53.000     57.404 22
     0.000      1.000      6.030     49.400     58.000     53.000 22
     0.000      1.000      6.030     70.200     54.000     59.000 22
     0.000      1.000      6.030     58.300     57.000     59.313 22
     0.000      1.000      6.030     60.200     56.000     60.000 22
     0.000      1.000      6.030     64.900     61.000     60.000 22
     0.000      0.000      6.030     68.400     50.000     56.000 22
     0.000      1.000      6.030     70.200     60.000     60.000 22
     0.000      1.000      6.030     49.900     52.000     60.000 22
     0.000      1.000      6.030     65.600     54.000     56.000 22
     0.000      0.000      6.030     70.900     57.000     59.000 22
     0.000      1.000      6.030     56.700     50.000     61.000 22
     0.000      1.000      6.030     70.500     49.000     57.000 22
     0.000      0.000      6.030     65.140     55.000     60.000 22
     0.000      1.000      6.030     69.300     51.000     56.489 22
     0.000      1.000      6.030     65.300     56.000     56.000 22
     0.000      1.000      6.030     60.000     52.000     59.000 22
     0.000      1.000      6.030     63.900     57.000     57.000 22
     0.000      1.000      6.030     40.600     44.000     46.000 22
     0.000      1.000      6.030     63.900     58.000     67.399 22
     0.000      1.000      6.030     64.400     53.000     55.000 22
     0.000      1.000      6.030     75.400     54.000     57.000 22
     0.000      1.000      6.030     64.400     66.000     51.000 22
     0.000      1.000      6.030     63.500     52.000     60.000 22
     0.000      1.000      6.030     59.500     52.000     55.000 22
     0.000      0.000      6.030     66.700     53.000     54.000 22
     0.000      1.000      6.030     58.300     55.000     63.000 22
     0.000      1.000      6.030     77.200     55.000     58.570 22
     0.000      1.000      6.030     52.300     53.000     60.000 22
     0.000      0.000      6.030     67.200     57.000     61.000 22
     0.000      1.000      6.030     67.200     55.000     60.000 22
     0.000      1.000      6.030     68.400     65.000     54.951 22
     0.000      1.000      6.030     32.400     45.000     50.000 22
     0.000      1.000      6.030     56.200     53.000     58.000 22
     0.000      1.000      6.030     61.600     54.000     55.000 22
     0.000      1.000      6.030     59.000     53.000     51.607 22
     0.000      1.000      6.030     61.600     61.000     55.640 22
     0.000      1.000      6.030     65.800     59.000     62.000 22
     0.000      1.000      6.030     68.800     57.000     63.000 22
     0.000      1.000      6.030     60.700     55.000     55.000 22
     0.000      1.000      6.030     55.300     55.000     51.478 22
     0.000      1.000      6.030     52.300     51.000     61.452 22
     0.000      0.000      6.030     68.800     58.000     63.000 22
     0.000      1.000      6.300     45.700     45.000     47.000 28
     0.000      1.000      6.300     48.500     46.000     42.000 28
     0.000      0.000      6.300     47.800     45.000     51.230 28
     0.000      0.000      6.300     52.300     47.000     44.000 28
     0.000      1.000      6.300     55.100     51.000     46.000 28
     0.000      1.000      6.300     54.600     56.000     46.000 28
     0.000      0.000      6.300     56.200     50.000     44.000 28
     0.000      1.000      6.300     54.100     48.000     46.000 28
     0.000      1.000      6.300     46.900     46.000     50.000 28
     0.000      1.000      6.300     38.200     47.000     43.000 28
     0.000      0.000      6.300     55.500     51.000     51.000 28
     0.000      1.000      6.300     54.267     53.000     55.000 28
     0.000      1.000      6.300     53.200     56.000     49.000 28
     0.000      1.000      6.300     37.500     48.000     43.000 28
     0.000      1.000      6.300     52.000     39.000     49.190 28
     0.000      1.000      6.300     53.200     47.000     49.000 28
     0.000      1.000      6.300     23.899     42.000     43.000 28
     0.000      1.000      6.300     37.675     50.000     57.000 28
     0.000      1.000      6.300     51.100     44.000     53.000 28
     0.000      1.000      6.300     48.000     42.000     45.281 28
     0.000      1.000      6.300     56.200     54.000     54.233 28
     0.000      1.000      6.300     46.900     50.000     45.000 28
     0.000      1.000      6.300     53.000     47.000     52.000 28
     0.000      1.000      6.300     45.000     43.000     47.000 28
     0.000      1.000      6.300     43.800     49.000     50.000 28
     0.000      1.000      6.300     54.100     53.000     63.000 28
     0.000      1.000      6.300     49.200     46.000     46.000 28
     0.000      1.000      6.300     58.141     49.000     57.000 28
     0.000      1.000      6.300     51.100     54.000     54.000 28
     0.000      1.000      6.300     54.100     51.000     53.000 28
     0.000      1.000      6.300     50.900     51.000     53.000 28
     0.000      1.000      6.300     48.700     53.000     51.000 28
     0.000      1.000      6.300     17.000     52.000     40.000 28
     0.000      1.000      6.300     37.100     51.000     37.000 28
     0.000      1.000      6.300     48.910     51.000     60.000 28
     0.000      1.000      6.300     53.400     47.000     51.000 28
     0.000      0.000      6.300     54.400     50.000     47.000 28
     0.000      1.000      6.300     48.000     46.000     50.485 28
     0.000      1.000      6.300     47.100     49.000     46.440 28
     0.000      1.000      6.300     46.900     50.000     49.000 28
     0.000      0.000      6.300     64.230     54.000     52.000 28
     0.000      1.000      6.300     55.100     57.000     59.000 28
     0.000      1.000      6.300     53.290     44.000     49.000 28
     0.000      1.000      6.300     69.049     53.000     54.000 28
     0.000      1.000      6.300     53.000     47.000     46.000 28
     0.000      1.000      6.300     48.500     48.000     46.000 28
     0.000      1.000      6.300     50.900     49.000     54.000 28
     0.000      1.000      6.300     36.400     47.000     38.000 28
     0.000      0.000      6.300     51.300     50.000     52.000 28
     0.000      1.000      6.300     40.300     49.000     43.000 28
     1.000      1.000     17.480     57.200     49.000     61.000  5
     1.000      1.000     17.480     61.100     49.000     52.000  5
     1.000      1.000     17.480     63.200     56.000     63.000  5
     1.000      1.000     17.480     57.600     46.000     54.000  5
     1.000      1.000     17.480     61.400     50.000     58.000  5
     1.000      1.000     17.480     56.000     56.000     50.000  5
     1.000      1.000     17.480     62.300     61.000     59.708  5
     1.000      0.000     17.480     65.100     52.000     58.000  5
     1.000      1.000     17.480     56.500     54.000     56.000  5
     1.000      1.000     17.480     65.600     57.000     70.627  5
     1.000      1.000     17.480     57.600     60.000     58.000  5
     1.000      1.000     17.480     53.400     43.000     55.000  5
     1.000      0.000     17.480     55.500     51.000     52.000  5
     1.000      1.000     17.480     61.800     52.000     56.000  5
     1.000      1.000     17.480     62.800     54.000     62.000  5
     1.000      1.000     17.480     61.600     50.000     51.000  5
     1.000      1.000     17.480     45.500     47.000     53.000  5
     1.000      1.000     17.480     36.400     46.000     52.000  5
     1.000      1.000     17.480     47.100     54.000     57.000  5
     1.000      1.000     17.480     47.300     38.000     52.000  5
     1.000      0.000     17.480     28.400     44.000     49.000  5
     1.000      1.000     17.480     35.400     40.000     51.000  5
     1.000      0.000     17.480     35.700     51.000     49.000  5
     1.000      1.000     17.480     48.500     47.000     51.000  5
     1.000      1.000     17.480     51.800     46.000     51.000  5
     1.000      1.000     17.480     44.144     48.000     53.000  5
     1.000      1.000     17.480     45.425     46.000     52.000  5
     1.000      1.000     17.480     46.400     48.000     52.000  5
     1.000      0.000     17.480     39.400     50.000     49.000  5
     1.000      1.000     17.480     37.800     51.000     50.919  5
     1.000      0.000     17.480     47.976     46.000     52.000  5
     1.000      1.000     17.480     46.200     48.000     60.539  5
     1.000      1.000     17.480     49.900     49.000     53.000  5
     1.000      1.000     17.480     49.400     48.000     54.000  5
     1.000      0.000     17.480     49.200     52.000     55.000  5
     1.000      1.000     17.480     45.000     47.000     55.000  5
     1.000      0.000     17.480     30.500     39.000     42.553  5
     1.000      1.000     17.480     50.200     48.000     54.000  5
     1.000      1.000     17.480     45.200     47.000     52.433  5
     1.000      1.000     17.480     43.600     43.000     49.000  5
     1.000      1.000     17.480     45.200     46.000     52.604  5
     1.000      1.000     17.480     36.400     50.000     47.727  5
     1.000      1.000     17.480     55.300     54.000     57.000  5
     1.000      1.000     17.480     57.200     43.000     51.000  5
     1.000      1.000     17.480     22.800     48.000     51.000  5
     1.000      1.000     17.480     53.400     51.000     52.000  5
     1.000      1.000     17.480     44.500     48.000     48.000  5
     1.000      1.000     17.480     56.700     54.000     62.408  5
     1.000      1.000     17.480     60.000     50.000     58.000  5
     1.000      1.000     17.480     57.340     52.000     55.000  5
     1.000      1.000     17.480     52.500     52.000     54.000  5
     1.000      1.000     17.480     59.500     52.000     58.000  5
     1.000      1.000     13.480     35.900     46.000     50.000  3
     1.000      1.000     13.480     10.000     50.000     44.633  3
     1.000      1.000     13.480     48.180     52.000     52.000  3
     1.000      1.000     13.480     54.600     46.000     63.678  3
     1.000      1.000     13.480     47.100     49.000     54.000  3
     1.000      1.000     13.480      6.200     45.000     46.000  3
     1.000      1.000     13.480     44.800     49.000     54.405  3
     1.000      1.000     13.480     51.300     54.000     57.000  3
     1.000      1.000     13.480     56.200     53.000     54.000  3
     1.000      1.000     13.480     34.300     51.000     46.000  3
     1.000      1.000     13.480     40.274     42.000     50.000  3
     1.000      1.000     13.480     62.800     48.000     59.000  3
     1.000      0.000     13.480     52.000     49.000     58.000  3
     1.000      1.000     13.480     46.477     46.000     43.000  3
     1.000      1.000     13.480     29.670     49.000     55.139  3
     1.000      1.000     13.480     25.400     45.000     48.000  3
     1.000      1.000     13.480     50.200     49.000     62.817  3
     1.000      1.000     13.480     42.114     52.000     63.000  3
     1.000      1.000     13.480     42.400     51.000     63.000  3
     1.000      0.000     13.480     46.400     51.000     58.000  3
     1.000      1.000     13.480     53.000     54.000     63.000  3
     1.000      1.000     13.480      6.000     37.000     37.000  3
     1.000      1.000     13.480     58.100     54.000     62.827  3
     1.000      1.000     13.480     53.900     53.000     59.000  3
     1.000      1.000     13.480     45.900     47.000     47.000  3
     1.000      1.000     13.480     43.100     38.000     59.000  3
     1.000      1.000     13.480     56.200     60.000     53.000  3
     1.000      0.000     13.480     51.100     51.000     54.000  3
     1.000      1.000     13.480     46.200     45.000     47.000  3
     1.000      1.000     13.480     36.400     46.000     46.102  3
     1.000      1.000     13.480     50.930     47.000     54.000  3
     1.000      1.000     13.480     25.200     48.000     45.184  3
     1.000      1.000     13.480     45.900     45.000     49.918  3
     1.000      1.000     13.480     38.200     46.000     39.000  3
     1.000      1.000     13.480     45.000     50.000     52.000  3
     1.000      1.000     13.480     38.000     46.000     46.745  3
     1.000      1.000     13.480     76.800     49.000     57.000  3
     1.000      0.000     13.480     50.200     48.000     38.000  3
     1.000      1.000     13.480     48.700     53.000     52.000  3
     1.000      1.000     13.480     42.000     47.000     48.000  3
     1.000      1.000     13.480     40.600     49.000     50.000  3
     1.000      1.000     13.480     49.000     53.000     51.000  3
     1.000      1.000     13.480     39.200     48.000     56.000  3
     1.000      1.000     13.480     48.300     48.000     48.728  3
     1.000      1.000     13.480     12.300     39.000     44.000  3
     1.000      0.000     13.480     49.000     49.000     51.000  3
     1.000      1.000     13.480     34.000     46.000     47.636  3
     1.000      1.000     13.480     51.100     48.000     53.000  3
     1.000      0.000     13.480     47.530     47.000     60.000  3
     1.000      1.000     13.480     49.400     50.000     57.000  3
     1.000      1.000     13.480     49.400     50.000     53.000  3
     1.000      1.000     13.480     22.600     45.000     57.000  3
     1.000      1.000     13.480     40.300     41.000     53.000  3
     1.000      0.000      8.160     60.400     52.000     53.532 13
     1.000      0.000      8.160     58.300     50.000     55.603 13
     1.000      0.000      8.160     49.000     51.000     55.556 13
     1.000      0.000      8.160     45.200     44.000     51.000 13
     1.000      0.000      8.160     61.600     55.000     58.000 13
     1.000      0.000      8.160     55.780     50.000     59.000 13
     1.000      1.000      8.160     58.600     55.000     57.000 13
     1.000      0.000      8.160     57.600     46.000     63.000 13
     1.000      0.000      8.160     56.000     53.000     50.227 13
     1.000      1.000      8.160     57.600     51.000     59.000 13
     1.000      0.000      8.160     51.600     42.000     64.000 13
     1.000      0.000      8.160     49.900     47.000     59.903 13
     1.000      1.000      8.160     50.600     43.000     59.000 13
     1.000      0.000      8.160     64.155     52.000     56.341 13
     1.000      1.000      8.160     57.600     54.000     51.000 13
     1.000      0.000      8.160     62.800     65.000     59.523 13
     1.000      0.000      8.160     62.500     49.000     59.000 13
     1.000      0.000      8.160     62.250     48.000     59.000 13
     1.000      0.000      8.160     53.200     47.000     59.000 13
     1.000      1.000      8.160     58.948     51.000     54.000 13
     1.000      0.000      8.160     54.400     43.000     52.000 13
     1.000      1.000      8.160     53.000     51.000     55.000 13
     1.000      1.000      8.160     35.000     50.000     56.000 13
     1.000      0.000      8.160     45.000     50.000     57.000 13
     1.000      0.000      8.160     45.900     42.000     52.000 13
     1.000      0.000      8.160     65.277     53.000     65.000 13
     1.000      0.000      8.160     36.100     43.000     46.000 13
     1.000      1.000      8.160     42.700     48.000     58.000 13
     1.000      1.000      8.160     47.240     54.000     57.097 13
     1.000      1.000      8.160     49.900     53.000     58.501 13
     1.000      0.000      8.160     60.400     60.000     63.000 13
     1.000      1.000      8.160     32.710     39.000     54.000 13
     1.000      0.000      8.160     54.800     57.000     55.000 13
     1.000      1.000      8.160     64.400     53.000     59.000 13
     1.000      0.000      8.160     42.000     46.000     43.000 13
     1.000      0.000      8.160     56.200     51.000     54.545 13
     1.000      0.000      8.160     34.500     48.000     46.000 13
     1.000      1.000      8.160     65.197     54.000     63.000 13
     1.000      1.000      8.160     53.000     56.000     63.000 13
     1.000      0.000      8.160     49.700     53.000     60.000 13
     1.000      0.000      8.160     48.567     43.000     64.000 13
     1.000      1.000      8.160     47.800     50.000     57.000 13
     1.000      1.000      8.160     55.300     47.000     53.000 13
     1.000      0.000      8.160     39.600     42.000     52.000 13
     1.000      0.000      8.160     53.700     43.000     59.056 13
     1.000      1.000      8.160     41.500     52.000     48.230 13
     1.000      0.000      8.160     60.400     52.000     56.000 13
     1.000      0.000      8.160     45.000     45.000     56.000 13
     1.000      1.000      8.160     51.800     46.000     53.000 13
     1.000      1.000      8.160     61.800     55.000     63.000 13
     1.000      0.000      8.160     64.400     53.000     64.000 13
     1.000      1.000      8.160     43.800     43.000     54.000 13
     1.000      0.000      8.160     61.100     52.000     50.000 13
     1.000      1.000      8.160     50.200     42.000     57.751 13
     1.000      0.000      8.160     63.500     50.000     66.004 13
     1.000      1.000      8.690     42.000     53.000     63.000 20
     1.000      1.000      8.690     53.992     53.000     63.000 20
     1.000      1.000      8.690     51.100     54.000     63.000 20
     1.000      1.000      8.690     41.700     50.000     57.000 20
     1.000      1.000      8.690     51.600     57.000     55.000 20
     1.000      1.000      8.690     47.300     53.000     55.000 20
     1.000      1.000      8.690     40.600     49.000     63.000 20
     1.000      1.000      8.690     45.700     43.000     59.000 20
     1.000      1.000      8.690     55.800     52.000     60.000 20
     1.000      1.000      8.690     58.600     56.000     57.738 20
     1.000      1.000      8.690     58.600     57.000     64.000 20
     1.000      1.000      8.690     64.200     50.000     64.000 20
     1.000      1.000      8.690     60.200     55.000     53.000 20
     1.000      1.000      8.690     57.600     52.000     63.000 20
     1.000      1.000      8.690     55.100     49.000     66.877 20
     1.000      1.000      8.690     52.300     48.000     61.004 20
     1.000      0.000      8.690     40.600     49.000     63.000 20
     1.000      1.000      8.690     37.300     50.000     54.555 20
     1.000      1.000      8.690     42.700     42.000     46.674 20
     1.000      0.000      8.690     47.600     48.000     56.000 20
     1.000      1.000      8.690     56.700     55.000     60.000 20
     1.000      1.000      8.690     43.800     51.000     56.000 20
     1.000      1.000      8.690     58.100     58.000     64.000 20
     1.000      1.000      8.690     59.700     49.000     58.000 20
     1.000      1.000      8.690     57.690     57.000     62.000 20
     1.000      1.000      8.690     47.800     43.000     60.000 20
     1.000      0.000      8.690     43.100     52.000     60.307 20
     1.000      1.000      8.690     61.800     53.000     57.000 20
     1.000      1.000      8.690     59.300     50.000     56.000 20
     1.000      1.000      8.690     53.700     53.000     59.000 20
     1.000      1.000      8.690     53.700     58.000     63.000 20
     1.000      1.000      8.690     59.230     60.000     63.000 20
     1.000      1.000      8.690     55.100     53.000     59.000 20
     1.000      1.000      8.690     59.300     54.000     64.908 20
     1.000      1.000      8.690     59.500     61.000     64.000 20
     1.000      1.000      8.690     56.200     54.000     57.921 20
     1.000      0.000      8.690     45.200     48.000     63.000 20
     1.000      1.000      8.690     64.200     58.000     63.000 20
     1.000      1.000      8.690     39.600     46.000     47.000 20
     1.000      1.000      8.690     38.200     48.000     59.000 20
     1.000      1.000      8.690     56.200     46.000     61.731 20
     1.000      1.000      8.690     51.300     50.000     50.547 20
     1.000      1.000      8.690     71.900     54.000     59.000 20
     1.000      1.000      8.690     58.434     58.000     64.000 20
     1.000      0.000      8.690     37.300     48.000     52.846 20
     1.000      1.000      8.690     44.797     43.000     60.000 20
     1.000      1.000      8.690     50.200     48.000     57.000 20
     1.000      0.000      8.690     55.800     52.000     66.271 20
     1.000      1.000      8.690     62.500     55.000     64.000 20
     1.000      1.000      8.690     59.300     57.000     64.000 20
     1.000      1.000      8.690     55.180     56.000     57.279 20
     1.000      1.000      8.690     38.200     46.000     50.000 20
     1.000      1.000      8.690     61.400     60.000     59.000 20
     1.000      1.000      8.690     53.200     54.000     61.200 20
     1.000      1.000      8.690     58.600     51.000     63.000 20
     1.000      1.000      8.690     56.900     53.000     55.000 20
     1.000      1.000      8.690     55.100     49.000     64.000 20
     1.000      0.000      8.690     50.200     44.000     61.037 20
     1.000      1.000      8.690     49.700     48.000     59.000 20
     1.000      1.000      8.690     41.612     47.000     54.000 20
     1.000      1.000      8.690     56.500     57.000     65.222 20
